-55
-54
-44
-44
-51
-50
-49
-48
-57
-57
-51
-51
-51
-51
-51
-51
-52
-52
-55
-55
-52
-52
-55
-55
-63
-63
-51
-51
-56
-56
-52
-51
-60
-61
-55
-55
-45
-52
-52
-62
-42
-45
-55
-55
-61
-60
-55
-54
-51
-51
-51
-51
-61
-61
-50
-51
-48
-64
-52
-51
-61
-63
-54
-54
-62
-62
-52
-53
-65
-53
-53
-60
-62
-54
-54
-65
-56
-56
-50
-50
-37
-65
-67
-54
-54
-51
-51
-66
-67
-50
-48
-55
-55
-50
-50
-47
-48
-55
-55
-47
-48
-37
-63
-65
-54
-54
-50
-42
-50
-48
-53
-53
-51
-50
-53
-53
-50
-50
-53
-54
-48
-50
-44
-53
-52
-50
-51
-54
-54
-66
-66
-55
-54
-65
-44
-64
-44
-65
-66
-48
-48
-64
-53
-53
-61
-37
-64
-66
-38
-47
-48
-48
-54
-54
-62
-63
-54
-53
-61
-63
-50
-50
-50
-50
-46
-51
-50
-62
-63
-36
-61
-52
-52
-62
-63
-52
-52
-51
-50
-64
-64
-51
-50
-49
-53
-52
-64
-65
-51
-51
-51
-51
-53
-53
-52
-52
-52
-52
-61
-52
-52
-53
-53
-61
-61
-52
-52
-52
-53
-52
-51
-53
-53
-51
-51
-49
-51
-51
-53
-53
-41
-61
-63
-52
-52
-53
-53
-51
-51
-63
-64
-53
-53
-49
-38
-65
-66
-67
-66
-54
-53
-65
-67
-37
-51
-51
-52
-51
-66
-51
-51
-52
-51
-53
-53
-51
-51
-67
-51
-51
-54
-53
-66
-68
-37
-66
-53
-53
-41
-66
-66
-41
-50
-52
-51
-50
-51
-51
-37
-33
-63
-64
-53
-53
-64
-65
-33
-63
-64
-52
-51
-51
-52
-65
-64
-51
-52
-53
-53
-37
-47
-52
-53
-52
-53
-51
-52
-52
-53
-52
-52
-52
-53
-52
-52
-63
-64
-51
-52
-52
-53
-63
-36
-53
-53
-37
-53
-53
-63
-64
-52
-52
-47
-52
-52
-53
-53
-46
-37
-63
-52
-52
-37
-53
-53
-52
-52
-53
-53
-37
-53
-53
-51
-52
-53
-53
-63
-64
-37
-51
-51
-37
-51
-51
-53
-53
-51
-51
-53
-53
-64
-52
-51
-49
-53
-53
-49
-51
-51
-51
-51
-64
-64
-53
-53
-64
-65
-53
-53
-51
-51
-54
-54
-45
-61
-63
-41
-51
-51
-53
-53
-64
-64
-65
-53
-53
-64
-65
-51
-51
-64
-65
-51
-51
-37
-36
-41
-63
-64
-50
-51
-48
-51
-51
-62
-64
-63
-51
-52
-62
-62
-52
-51
-62
-63
-53
-53
-47
-50
-50
-49
-66
-47
-48
-69
-56
-57
-43
-50
-48
-56
-55
-48
-48
-51
-48
-48
-64
-67
-55
-54
-38
-51
-35
-44
-66
-54
-54
-49
-50
-66
-66
-51
-50
-63
-65
-50
-50
-63
-64
-50
-51
-38
-54
-53
-48
-53
-52
-47
-52
-52
-63
-64
-53
-53
-62
-63
-52
-53
-40
-51
-53
-53
-51
-51
-60
-61
-52
-53
-60
-61
-52
-53
-41
-53
-52
-60
-61
-52
-52
-53
-53
-46
-52
-52
-52
-51
-51
-51
-45
-51
-51
-61
-61
-51
-51
-61
-62
-53
-53
-62
-62
-40
-64
-40
-38
-50
-50
-50
-48
-48
-48
-64
-64
-57
-57
-47
-47
-59
-59
-67
-69
-49
-47
-49
-49
-67
-68
-47
-47
-67
-68
-49
-47
-41
-65
-67
-47
-47
-47
-66
-66
-66
-47
-47
-58
-58
-47
-47
-57
-58
-49
-47
-58
-58
-48
-48
-57
-57
-47
-48
-48
-47
-57
-56
-61
-61
-47
-48
-61
-63
-47
-48
-46
-56
-56
-62
-64
-56
-56
-47
-57
-56
-47
-47
-62
-64
-55
-57
-47
-47
-63
-65
-47
-48
-64
-64
-55
-55
-64
-63
-61
-62
-48
-48
-60
-38
-50
-50
-53
-54
-60
-62
-53
-54
-33
-50
-54
-53
-61
-62
-54
-53
-50
-50
-54
-54
-62
-62
-50
-50
-62
-48
-48
-48
-50
-54
-55
-63
-64
-54
-55
-48
-48
-47
-48
-50
-48
-50
-62
-48
-54
-54
-62
-64
-48
-48
-48
-54
-54
-48
-48
-54
-54
-63
-63
-55
-54
-47
-48
-48
-54
-54
-48
-48
-62
-63
-63
-63
-48
-48
-63
-54
-54
-63
-54
-54
-62
-63
-48
-48
-48
-48
-48
-48
-48
-48
-50
-54
-54
-49
-54
-54
-48
-48
-48
-63
-64
-48
-48
-54
-54
-48
-48
-62
-53
-54
-64
-64
-53
-54
-63
-64
-54
-54
-50
-48
-62
-63
-48
-50
-63
-63
-48
-48
-63
-63
-45
-63
-63
-48
-48
-48
-48
-63
-45
-48
-50
-63
-63
-53
-53
-50
-50
-50
-48
-53
-53
-61
-63
-53
-53
-62
-48
-48
-50
-48
-63
-63
-48
-48
-63
-64
-38
-48
-48
-63
-64
-50
-48
-64
-64
-40
-64
-64
-54
-56
-63
-56
-56
-48
-47
-47
-62
-64
-55
-56
-48
-55
-55
-50
-48
-63
-64
-45
-48
-51
-53
-62
-64
-50
-49
-63
-52
-53
-50
-51
-53
-53
-51
-51
-53
-53
-62
-64
-54
-53
-51
-48
-39
-54
-54
-63
-64
-55
-55
-63
-48
-48
-48
-48
-65
-65
-48
-48
-65
-66
-48
-48
-55
-55
-47
-48
-54
-55
-44
-39
-48
-50
-48
-63
-64
-38
-38
-50
-50
-61
-63
-50
-49
-62
-64
-45
-48
-48
-49
-61
-63
-49
-49
-54
-54
-48
-50
-54
-54
-50
-48
-38
-48
-48
-54
-54
-50
-48
-62
-63
-22
-55
-54
-49
-48
-54
-54
-63
-63
-48
-48
-48
-48
-54
-54
-65
-48
-50
-64
-64
-54
-54
-49
-33
-50
-53
-53
-64
-89
-64
-51
-50
-48
-50
-48
-62
-64
-48
-50
-63
-65
-38
-50
-50
-65
-65
-50
-50
-54
-54
-50
-50
-37
-50
-50
-50
-51
-53
-53
-51
-50
-54
-53
-50
-50
-53
-53
-64
-65
-54
-54
-49
-34
-64
-33
-63
-38
-50
-50
-51
-48
-63
-64
-54
-55
-48
-51
-51
-53
-53
-40
-54
-54
-62
-64
-54
-54
-63
-50
-48
-47
-50
-48
-55
-54
-50
-48
-48
-48
-48
-50
-48
-54
-54
-50
-48
-54
-54
-51
-50
-38
-54
-54
-60
-62
-54
-53
-50
-51
-46
-50
-50
-47
-51
-50
-62
-62
-50
-51
-62
-62
-53
-54
-62
-62
-38
-61
-62
-54
-54
-62
-63
-54
-54
-48
-48
-55
-54
-50
-48
-55
-55
-64
-64
-54
-55
-65
-50
-48
-49
-56
-55
-64
-65
-55
-55
-54
-54
-64
-54
-54
-61
-62
-50
-51
-54
-53
-51
-51
-62
-63
-54
-54
-51
-51
-60
-62
-37
-53
-54
-61
-54
-54
-51
-51
-62
-63
-38
-63
-64
-54
-53
-62
-64
-51
-48
-48
-51
-48
-64
-53
-54
-49
-45
-48
-50
-45
-50
-50
-54
-54
-50
-50
-64
-53
-53
-53
-54
-62
-63
-41
-61
-54
-52
-52
-52
-54
-53
-61
-51
-51
-61
-50
-51
-86
-50
-50
-54
-54
-48
-48
-54
-54
-35
-53
-53
-54
-53
-51
-51
-63
-64
-38
-53
-62
-63
-51
-50
-51
-51
-54
-54
-50
-50
-61
-54
-54
-62
-38
-60
-62
-55
-55
-46
-55
-57
-61
-62
-47
-48
-60
-50
-48
-62
-63
-44
-44
-61
-61
-46
-51
-50
-63
-63
-50
-51
-62
-63
-51
-51
-48
-53
-53
-63
-63
-53
-53
-62
-63
-53
-53
-50
-50
-53
-53
-62
-63
-53
-53
-48
-50
-51
-50
-36
-53
-53
-53
-53
-64
-37
-51
-51
-51
-51
-53
-52
-48
-37
-62
-62
-53
-53
-62
-53
-53
-51
-51
-62
-62
-53
-53
-35
-51
-51
-37
-51
-51
-51
-51
-37
-62
-63
-52
-53
-62
-63
-32
-64
-64
-33
-48
-53
-53
-62
-64
-40
-51
-51
-64
-64
-51
-51
-37
-51
-51
-62
-53
-53
-63
-64
-51
-51
-37
-36
-51
-51
-51
-51
-51
-51
-62
-51
-52
-51
-53
-51
-51
-62
-37
-51
-51
-51
-51
-62
-63
-51
-51
-51
-52
-51
-51
-62
-53
-53
-62
-62
-53
-53
-37
-52
-52
-61
-37
-41
-62
-62
-52
-52
-52
-52
-47
-53
-53
-51
-52
-61
-62
-52
-52
-62
-52
-52
-52
-53
-51
-52
-62
-62
-47
-52
-52
-61
-63
-52
-52
-47
-53
-52
-62
-52
-53
-41
-62
-62
-37
-47
-53
-52
-62
-53
-52
-62
-63
-53
-53
-52
-51
-62
-62
-51
-47
-41
-53
-53
-41
-51
-51
-53
-52
-62
-63
-52
-52
-63
-63
-52
-52
-61
-63
-51
-52
-61
-63
-36
-61
-63
-51
-51
-53
-53
-62
-62
-48
-48
-50
-48
-48
-50
-56
-55
-45
-48
-54
-54
-50
-50
-51
-51
-53
-53
-60
-62
-35
-50
-49
-53
-54
-61
-53
-53
-48
-62
-63
-54
-53
-62
-62
-54
-54
-61
-54
-54
-40
-54
-54
-48
-50
-62
-62
-48
-48
-53
-53
-50
-50
-53
-53
-48
-53
-54
-51
-51
-48
-63
-51
-52
-53
-52
-52
-52
-53
-53
-53
-53
-44
-50
-50
-50
-48
-39
-63
-55
-55
-50
-48
-48
-63
-50
-48
-55
-55
-47
-44
-63
-63
-40
-48
-48
-40
-39
-62
-63
-55
-55
-50
-50
-48
-48
-35
-38
-48
-48
-50
-48
-66
-66
-50
-48
-50
-48
-63
-64
-54
-54
-62
-40
-46
-57
-57
-62
-63
-41
-48
-57
-57
-57
-57
-61
-48
-48
-55
-55
-44
-55
-55
-48
-54
-54
-51
-61
-60
-61
-46
-51
-51
-60
-54
-54
-44
-54
-54
-38
-61
-54
-54
-47
-50
-50
-54
-54
-50
-50
-34
-47
-54
-54
-39
-62
-64
-54
-55
-44
-62
-62
-40
-39
-56
-55
-48
-48
-55
-55
-48
-48
-61
-63
-40
-62
-63
-48
-48
-40
-61
-62
-55
-54
-62
-63
-51
-51
-62
-51
-51
-46
-53
-53
-61
-51
-51
-61
-50
-51
-54
-54
-54
-54
-63
-64
-54
-54
-62
-63
-51
-50
-47
-38
-60
-62
-54
-54
-50
-50
-51
-51
-38
-61
-62
-45
-54
-54
-51
-62
-51
-51
-51
-51
-60
-62
-54
-54
-44
-54
-54
-51
-51
-51
-51
-54
-54
-32
-50
-51
-46
-61
-54
-54
-62
-63
-54
-63
-65
-53
-54
-45
-54
-53
-34
-50
-50
-50
-50
-54
-55
-61
-48
-48
-34
-39
-56
-61
-34
-60
-62
-54
-54
-47
-54
-54
-47
-60
-61
-51
-50
-50
-50
-46
-51
-50
-51
-51
-51
-51
-54
-54
-51
-50
-54
-55
-61
-62
-55
-54
-46
-54
-54
-50
-51
-54
-54
-61
-62
-51
-51
-54
-54
-50
-50
-47
-53
-53
-62
-62
-51
-51
-46
-40
-46
-54
-53
-61
-38
-53
-61
-62
-51
-51
-54
-54
-51
-51
-54
-54
-51
-51
-60
-62
-51
-51
-62
-38
-62
-63
-54
-54
-62
-63
-50
-50
-55
-54
-51
-51
-55
-55
-62
-55
-55
-61
-62
-39
-50
-50
-55
-55
-50
-50
-50
-50
-55
-55
-62
-62
-56
-55
-48
-50
-62
-63
-50
-50
-55
-55
-48
-50
-55
-55
-55
-55
-61
-62
-50
-50
-55
-55
-51
-50
-55
-56
-62
-62
-54
-55
-62
-45
-61
-54
-54
-51
-51
-61
-61
-54
-54
-59
-39
-60
-61
-54
-54
-51
-51
-61
-61
-54
-55
-45
-59
-62
-51
-50
-54
-54
-53
-53
-51
-51
-58
-51
-51
-60
-61
-60
-60
-37
-52
-52
-59
-61
-41
-51
-54
-54
-51
-51
-53
-53
-60
-61
-51
-51
-45
-51
-51
-59
-51
-51
-54
-54
-51
-51
-51
-51
-52
-52
-54
-53
-58
-52
-52
-53
-53
-41
-44
