-73
-72
-53
-53
-71
-70
-53
-53
-73
-72
-55
-54
-56
-52
-53
-54
-54
-53
-53
-54
-54
-52
-52
-53
-53
-71
-70
-53
-53
-53
-53
-40
-52
-52
-54
-54
-53
-52
-73
-74
-52
-52
-53
-53
-53
-53
-43
-54
-55
-67
-66
-53
-54
-55
-55
-42
-55
-55
-55
-56
-56
-73
-72
-44
-69
-69
-53
-54
-42
-43
-42
-54
-54
-44
-69
-69
-53
-55
-47
-52
-52
-72
-73
-42
-57
-52
-52
-42
-53
-53
-61
-42
-53
-53
-54
-54
-58
-52
-52
-68
-68
-42
-74
-75
-49
-53
-53
-52
-53
-51
-51
-53
-53
-60
-54
-52
-52
-51
-52
-69
-41
-70
-70
-37
-72
-71
-53
-52
-42
-53
-53
-37
-51
-52
-67
-68
-51
-52
-71
-71
-43
-75
-74
-52
-51
-36
-52
-53
-53
-42
-73
-72
-52
-53
-42
-52
-52
-53
-71
-53
-53
-53
-53
-70
-69
-46
-37
-52
-52
-52
-53
-53
-52
-38
-69
-70
-52
-52
-51
-52
-57
-52
-52
-52
-51
-73
-72
-51
-52
-53
-53
-79
-79
-41
-54
-53
-73
-51
-52
-53
-51
-52
-52
-42
-41
-81
-81
-53
-53
-52
-52
-77
-78
-40
-52
-52
-52
-52
-42
-52
-52
-51
-51
-83
-83
-54
-53
-54
-55
-53
-52
-78
-76
-53
-53
-73
-74
-70
-71
-51
-51
-53
-53
-51
-51
-53
-52
-41
-52
-52
-58
-52
-83
-83
-52
-52
-73
-74
-53
-52
-52
-52
-52
-52
-52
-52
-52
-53
-52
-86
-81
-77
-76
-42
-52
-52
-52
-52
-76
-74
-53
-52
-52
-52
-51
-81
-80
-42
-41
-52
-52
-43
-53
-53
-52
-53
-53
-53
-53
-52
-73
-72
-52
-72
-71
-52
-52
-72
-72
-53
-52
-41
-52
-52
-73
-72
-53
-53
-71
-71
-46
-52
-52
-53
-53
-53
-53
-52
-53
-52
-52
-56
-52
-52
-69
-53
-53
-52
-52
-52
-51
-72
-72
-47
-74
-75
-52
-52
-71
-71
-79
-78
-52
-52
-41
-52
-52
-52
-52
-52
-52
-64
-46
-41
-46
-57
-41
-54
-72
-72
-53
-53
-52
-52
-52
-53
-52
-52
-64
-65
-52
-52
-67
-67
-53
-52
-51
-51
-51
-51
-51
-51
-64
-65
-52
-52
-51
-52
-68
-69
-46
-52
-52
-52
-52
-71
-71
-52
-51
-52
-52
-51
-52
-56
-51
-51
-51
-51
-55
-54
-52
-80
-79
-52
-72
-73
-52
-41
-42
-53
-56
-53
-52
-55
-42
-52
-52
-37
-41
-46
-51
-51
-68
-69
-51
-51
-52
-51
-51
-68
-68
-65
-65
-50
-50
-66
-65
-51
-52
-74
-74
-72
-72
-52
-52
-53
-38
-51
-51
-51
-51
-68
-69
-51
-51
-73
-73
-53
-53
-72
-72
-72
-71
-42
-80
-79
-52
-52
-77
-77
-53
-78
-81
-52
-58
-38
-52
-52
-52
-52
-52
-53
-52
-52
-78
-78
-51
-51
-76
-76
-50
-51
-52
-52
-67
-67
-51
-51
-67
-69
-52
-51
-51
-75
-74
-52
-51
-81
-82
-37
-81
-81
-42
-52
-52
-77
-77
-52
-52
-51
-51
-81
-82
-51
-51
-53
-53
-74
-74
-52
-52
-51
-51
-52
-52
-51
-51
-52
-52
-52
-73
-37
-77
-75
-79
-79
-52
-54
-52
-33
-51
-52
-80
-79
-78
-78
-76
-51
-78
-79
-52
-46
-37
-52
-52
-52
-52
-52
-52
-52
-52
-52
-52
-53
-52
-52
-52
-52
-74
-74
-52
-52
-76
-74
-37
-75
-76
-51
-52
-60
-46
-40
-52
-52
-52
-52
-77
-78
-52
-52
-75
-75
-53
-52
-75
-75
-44
-74
-75
-52
-53
-77
-77
-38
-79
-78
-42
-64
-53
-53
-86
-86
-52
-42
-52
-52
-52
-52
-78
-78
-33
-42
-77
-77
-53
-52
-53
-52
-70
-52
-52
-50
-50
-51
-51
-51
-51
-45
-70
-70
-51
-51
-50
-50
-55
-52
-51
-73
-72
-45
-55
-51
-51
-67
-67
-51
-51
-71
-70
-52
-51
-52
-70
-70
-52
-52
-72
-73
-52
-73
-72
-52
-52
-70
-69
-52
-52
-51
-51
-52
-52
-51
-51
-52
-52
-51
-51
-52
-46
-72
-71
-38
-51
-51
-71
-71
-52
-51
-70
-71
-51
-70
-71
-72
-71
-56
-52
-52
-52
-52
-61
-52
-52
-52
-52
-52
-52
-46
-65
-51
-51
-51
-51
-74
-74
-41
-51
-51
-51
-51
-51
-52
-51
-51
-52
-74
-73
-52
-52
-73
-72
-53
-52
-52
-52
-53
-57
-72
-72
-41
-38
-52
-52
-74
-72
-74
-74
-52
-51
-70
-69
-51
-52
-70
-70
-72
-72
-42
-74
-74
-53
-53
-79
-77
-52
-53
-71
-72
-52
-52
-37
-52
-52
-53
-53
-43
-79
-80
-54
-53
-54
-54
-54
-53
-53
-43
-72
-72
-54
-54
-55
-70
-71
-54
-54
-55
-51
-72
-73
-51
-51
-46
-59
-51
-51
-65
-64
-51
-51
-51
-35
-41
-53
-52
-52
-52
-53
-52
-52
-52
-65
-65
-41
-52
-52
-51
-51
-52
-52
-64
-64
-42
-51
-51
-52
-52
-52
-52
-50
-52
-52
-71
-72
-46
-70
-70
-51
-51
-52
-52
-51
-41
-52
-52
-73
-73
-46
-52
-52
-36
-51
-51
-78
-77
-52
-51
-77
-75
-51
-51
-50
-51
-49
-51
-51
-51
-50
-51
-51
-51
-72
-72
-50
-51
-52
-51
-51
-52
-51
-51
-71
-72
-51
-52
-52
-51
-71
-73
-51
-51
-72
-71
-51
-51
-49
-51
-51
-51
-51
-51
-51
-52
-51
-52
-51
-51
-69
-69
-52
-52
-70
-69
-51
-51
-41
-69
-51
-44
-51
-51
-72
-72
-51
-51
-72
-70
-36
-51
-51
-51
-51
-41
-51
-51
-76
-76
-52
-75
-74
-56
-51
-52
-74
-74
-41
-36
-51
-51
-70
-70
-51
-51
-68
-68
-51
-51
-68
-69
-51
-51
-69
-70
-51
-51
-56
-52
-52
-52
-52
-52
-52
-52
-52
-41
-52
-51
-44
-52
-52
-41
-73
-74
-52
-51
-73
-74
-51
-51
-74
-74
-52
-75
-74
-46
-52
-51
-53
-52
-52
-75
-75
-52
-52
-60
-52
-52
-52
-62
-52
-52
-53
-53
-41
-52
-53
-79
-79
-53
-53
-82
-82
-42
-80
-80
-52
-52
-53
-52
-79
-78
-52
-52
-39
-62
-52
-52
-77
-76
-52
-52
-52
-52
-52
-52
-52
-52
-51
-76
-75
-51
-51
-52
-51
-76
-76
-52
-41
-61
-37
-51
-42
-78
-78
-42
-70
-52
-52
-79
-80
-52
-52
-75
-76
-78
-77
-46
-77
-78
-51
-52
-51
-51
-79
-79
-75
-75
-35
-56
-52
-51
-58
-52
-51
-74
-74
-71
-72
-46
-51
-51
-51
-72
-73
-39
-50
-51
-74
-74
-52
-51
-51
-52
-52
-58
-74
-52
-52
-74
-74
-53
-53
-41
-52
-52
-40
-51
-51
-71
-72
-50
-50
-51
-51
-50
-50
-56
-50
-51
-52
-41
-76
-76
-41
-77
-78
-52
-51
-73
-73
-52
-51
-71
-71
-52
-52
-44
-51
-52
-52
-52
-51
-52
-51
-51
-50
-51
-51
-51
-73
-74
-74
-74
-73
-73
-52
-52
-52
-52
-52
-52
-69
-68
-51
-52
-69
-69
-52
-52
-52
-51
-53
-52
-71
-71
-52
-52
-55
-46
-68
-71
-71
-71
-52
-52
-52
-52
-51
-51
-58
-46
-52
-52
-52
-51
-51
-51
-72
-72
-51
-51
-51
-52
-72
-74
-52
-51
-51
-51
-51
-52
-44
-74
-75
-41
-42
-73
-74
-41
-72
-73
-52
-52
-72
-72
-52
-52
-71
-71
-52
-52
-69
-70
-52
-52
-52
-52
-52
-52
-52
-52
-69
-68
-52
-51
-42
-51
-51
-70
-69
-37
-53
-52
-52
-52
-52
-52
-70
-69
-70
-69
-52
-52
-53
-69
-70
-53
-52
-37
-69
-69
-52
-52
-52
-52
-52
-51
-52
-52
-52
-70
-69
-52
-52
-51
-51
-52
-52
-69
-70
-52
-52
-70
-69
-52
-51
-69
-69
-52
-52
-52
-52
-68
-69
-52
-52
-51
-52
-52
-52
-51
-67
-69
-52
-51
-52
-52
-51
-52
-52
-52
-70
-70
-42
-51
-51
-52
-52
-52
-52
-52
-52
-52
-52
-41
-52
-83
-82
-51
-52
-79
-79
-53
-52
-82
-80
-51
-52
-84
-85
-52
-52
-79
-78
-46
-75
-75
-52
-51
-73
-73
-52
-51
-72
-72
-52
-51
-59
-52
-51
-52
-52
-41
-52
-52
-41
-52
-52
-60
-50
-52
-46
-73
-73
-41
-52
-52
-52
-52
-75
-74
-52
-52
-74
-75
-46
-58
-58
-52
-73
-72
-73
-73
-71
-72
-52
-52
-44
-56
-51
-52
-52
-52
-55
-33
-71
-72
-52
-52
-71
-52
-52
-56
-52
-52
-52
-52
-52
-52
-51
-52
-51
-52
-70
-70
-51
-52
-51
-51
-51
-70
-71
-69
-71
-52
-52
-52
-52
-41
-72
-73
-52
-52
-52
-73
-52
-52
-41
-46
-52
-52
-73
-73
-52
-52
-52
-52
-56
-51
-52
-52
-52
-52
-52
-52
-52
-52
-37
-57
-41
-71
-73
-46
-51
-52
-74
-72
-51
-51
-74
-76
-46
-37
-52
-52
-76
-75
-52
-49
-51
-72
-73
-75
-74
-41
-51
-51
-52
-75
-75
-51
-51
-76
-76
-52
-51
-76
-77
-52
-77
-77
-51
-52
-51
-52
-52
-52
-51
-52
-52
-52
-52
-52
-52
-45
-52
-52
-52
-52
-41
-79
-82
-41
-52
-51
-51
-40
-52
-52
-72
-73
-52
-52
-52
-52
-52
-52
-51
-52
-52
-52
-37
-51
-52
-74
-76
-37
-74
-74
-74
-76
-52
-52
-45
-73
-51
-52
-52
-51
-67
-68
-51
-51
-50
-49
-69
-70
-52
-51
-48
-48
-52
-52
-66
-67
-50
-50
-52
-52
-66
-66
-52
-52
-66
-66
-52
-52
-69
-69
-50
-50
-52
-52
-68
-71
-50
-51
-37
-52
-52
-51
-50
-46
-67
-67
-37
-51
-51
-51
-51
-51
-39
-38
-50
-51
-51
-51
-66
-66
-51
-51
-45
-52
-52
-67
-67
-26
-66
-67
-51
-51
-52
-37
-69
-69
-51
-51
-71
-71
-52
-52
-50
-51
-53
-52
-52
-45
-69
-69
-50
-50
-52
-52
-45
-52
-52
-43
-71
-70
-52
-69
-69
-51
-51
-68
-68
-50
-51
-66
-65
-51
-52
-64
-64
-52
-52
-51
-51
-52
-52
-64
-63
-51
-51
-48
-50
-50
-48
-50
-50
-67
-67
-35
-71
-70
-52
-52
-69
-70
-43
-48
-48
-51
-50
-51
-51
-67
-67
-51
-51
-50
-51
-51
-67
-67
-51
-51
-40
-51
-51
-73
-72
-79
-77
-35
-51
-50
-51
-74
-73
-52
-50
-50
-52
-52
-50
-50
-45
-50
-50
-51
-51
-68
-68
-36
-68
-68
-46
-68
-68
-51
-50
-51
-51
-51
-50
-51
-51
-72
-73
-51
-50
-76
-73
-51
-51
-51
-51
-73
-57
-41
-52
-52
-79
-82
-52
-52
-52
-76
-74
-51
-51
-77
-77
-36
-51
-51
-49
-51
-70
-52
-51
-51
-51
-41
-51
-49
-51
-72
-72
-43
-72
-72
-41
-74
-73
-41
-77
-62
-51
-51
-76
-79
-50
-50
-80
-50
-50
-80
-79
-44
-50
-50
-85
-88
-52
-78
-78
-48
-50
-76
-76
-52
-52
-45
-48
-48
-43
-45
-51
-45
-51
-50
-51
-51
-50
-51
-52
-51
-51
-51
-51
-51
-70
-70
-52
-52
-69
-70
-52
-52
-70
-70
-51
-51
-45
-41
-51
-51
-51
-51
-46
-51
-51
-51
-52
-70
-70
-49
-51
-50
-51
-70
-70
-51
-51
-71
-70
-51
-51
-51
-51
-52
-51
-50
-51
-51
-51
-71
-69
-52
-52
-51
-51
-52
-51
-51
-51
-52
-72
-71
