-58
-58
-55
-55
-58
-59
-55
-55
-67
-67
-54
-55
-67
-67
-44
-42
-43
-43
-54
-54
-58
-58
-54
-54
-54
-55
-71
-71
-54
-54
-59
-59
-54
-54
-68
-70
-57
-54
-54
-57
-58
-42
-68
-68
-57
-58
-44
-57
-41
-55
-54
-55
-43
-69
-70
-58
-58
-53
-55
-60
-60
-69
-70
-58
-39
-57
-57
-40
-56
-57
-64
-64
-59
-59
-39
-54
-68
-68
-66
-66
-57
-58
-58
-58
-40
-65
-65
-54
-54
-55
-56
-55
-55
-69
-70
-54
-55
-55
-55
-70
-71
-54
-54
-53
-55
-55
-46
-54
-54
-58
-71
-72
-44
-54
-55
-42
-72
-72
-55
-55
-58
-59
-55
-56
-69
-69
-56
-71
-72
-72
-55
-54
-67
-67
-44
-71
-72
-69
-69
-59
-68
-69
-40
-43
-58
-58
-77
-77
-56
-58
-56
-55
-62
-55
-56
-58
-55
-78
-59
-59
-55
-59
-54
-55
-57
-59
-76
-76
-47
-57
-59
-74
-74
-58
-59
-73
-73
-56
-58
-54
-54
-55
-55
-57
-59
-71
-71
-47
-43
-57
-58
-54
-54
-58
-58
-55
-55
-54
-54
-58
-58
-55
-54
-72
-71
-43
-71
-70
-55
-71
-57
-58
-58
-58
-71
-71
-58
-58
-57
-58
-55
-54
-54
-54
-57
-58
-57
-57
-58
-54
-54
-58
-58
-55
-55
-58
-58
-72
-73
-72
-73
-59
-70
-70
-56
-58
-57
-58
-54
-56
-57
-71
-71
-43
-55
-56
-57
-54
-55
-54
-54
-55
-46
-70
-72
-46
-55
-57
-56
-57
-54
-54
-57
-55
-55
-56
-57
-70
-71
-53
-55
-53
-55
-57
-40
-70
-72
-71
-71
-54
-54
-54
-54
-56
-58
-58
-71
-72
-56
-68
-69
-58
-59
-41
-54
-57
-59
-54
-70
-41
-68
-68
-44
-53
-54
-55
-69
-69
-41
-50
-64
-64
-58
-58
-41
-59
-60
-54
-54
-48
-54
-55
-57
-57
-58
-58
-43
-44
-51
-44
-51
-67
-56
-57
-55
-55
-57
-58
-50
-57
-58
-52
-66
-67
-55
-55
-68
-68
-57
-53
-66
-66
-59
-59
-58
-58
-65
-67
-59
-59
-52
-58
-55
-55
-58
-50
-67
-55
-55
-59
-52
-56
-57
-65
-65
-55
-56
-65
-66
-58
-58
-41
-55
-56
-65
-67
-44
-55
-56
-58
-58
-72
-41
-67
-66
-55
-56
-57
-57
-68
-68
-56
-56
-65
-65
-66
-67
-64
-64
-63
-65
-54
-55
-64
-65
-55
-55
-60
-63
-65
-59
-61
-65
-65
-65
-66
-59
-61
-65
-65
-60
-61
-63
-65
-65
-65
-59
-65
-65
-60
-60
-65
-65
-60
-55
-54
-59
-60
-54
-54
-59
-60
-64
-64
-55
-55
-65
-64
-54
-54
-60
-57
-64
-64
-44
-65
-65
-45
-48
-60
-60
-43
-49
-54
-54
-53
-54
-59
-59
-65
-65
-58
-59
-64
-65
-48
-63
-64
-54
-54
-44
-47
-44
-41
-63
-64
-54
-54
-58
-59
-54
-54
-49
-49
-55
-55
-59
-70
-70
-43
-65
-66
-56
-58
-54
-55
-64
-64
-55
-55
-65
-65
-58
-57
-65
-65
-58
-58
-54
-55
-58
-59
-65
-66
-68
-69
-53
-54
-69
-70
-55
-55
-55
-56
-56
-58
-58
-41
-57
-58
-55
-56
-47
-55
-56
-57
-59
-67
-67
-43
-51
-57
-58
-66
-68
-58
-68
-68
-58
-58
-54
-55
-68
-68
-55
-55
-56
-55
-42
-56
-58
-52
-55
-55
-58
-58
-41
-56
-58
-69
-69
-57
-58
-58
-56
-58
-53
-56
-56
-69
-68
-55
-56
-69
-69
-57
-58
-69
-69
-56
-58
-57
-58
-68
-68
-67
-69
-46
-53
-56
-58
-55
-56
-57
-55
-56
-52
-55
-55
-58
-58
-55
-56
-55
-55
-69
-69
-41
-58
-70
-69
-58
-58
-68
-68
-58
-67
-68
-57
-58
-43
-56
-56
-44
-55
-56
-47
-58
-55
-55
-47
-40
-62
-64
-57
-58
-42
-58
-59
-55
-54
-58
-58
-55
-54
-57
-58
-64
-64
-58
-58
-62
-63
-57
-64
-63
-57
-58
-63
-63
-58
-58
-42
-56
-57
-58
-42
-58
-60
-56
-56
-40
-48
-55
-55
-45
-57
-58
-65
-64
-47
-48
-55
-55
-54
-55
-56
-58
-53
-55
-47
-57
-58
-56
-57
-57
-47
-56
-58
-64
-64
-57
-53
-55
-47
-42
-62
-64
-63
-63
-57
-62
-63
-54
-55
-64
-64
-45
-57
-58
-47
-57
-59
-54
-55
-65
-64
-43
-64
-64
-58
-63
-64
-57
-58
-64
-64
-57
-59
-55
-55
-58
-59
-57
-58
-64
-64
-55
-55
-48
-64
-64
-55
-55
-55
-55
-63
-63
-54
-55
-63
-64
-57
-57
-57
-58
-63
-64
-55
-55
-64
-64
-43
-63
-64
-54
-55
-64
-64
-55
-54
-64
-64
-58
-64
-64
-57
-58
-55
-55
-57
-44
-64
-64
-58
-59
-56
-55
-64
-64
-41
-55
-56
-42
-64
-64
-56
-55
-64
-64
-64
-64
-55
-55
-64
-64
-55
-55
-64
-64
-58
-58
-40
-54
-56
-58
-58
-41
-41
-64
-64
-58
-58
-48
-44
-64
-65
-48
-58
-55
-55
-59
-55
-56
-58
-65
-65
-59
-59
-55
-55
-58
-59
-66
-66
-59
-59
-66
-66
-59
-59
-55
-56
-46
-58
-59
-65
-66
-57
-64
-65
-55
-55
-58
-59
-55
-56
-59
-41
-58
-59
-54
-55
-43
-44
-54
-55
-58
-59
-45
-44
-55
-55
-43
-55
-55
-64
-65
-56
-55
-54
-56
-58
-49
-57
-58
-65
-65
-58
-59
-65
-65
-55
-55
-65
-65
-56
-55
-65
-66
-55
-56
-59
-59
-56
-57
-59
-59
-41
-44
-56
-55
-58
-59
-55
-55
-51
-58
-59
-68
-68
-59
-56
-56
-68
-65
-55
-55
-55
-55
-68
-68
-55
-55
-58
-59
-67
-68
-58
-58
-67
-67
-55
-55
-66
-67
-55
-55
-41
-58
-59
-56
-57
-60
-60
-68
-68
-51
-60
-60
-66
-68
-58
-58
-60
-68
-68
-56
-57
-69
-69
-59
-60
-52
-45
-68
-70
-42
-59
-60
-57
-57
-45
-52
-59
-60
-58
-59
-44
-66
-66
-55
-56
-65
-65
-49
-58
-65
-66
-69
-69
-55
-55
-58
-59
-69
-67
-58
-59
-57
-41
-54
-66
-67
-47
-65
-65
-57
-69
-69
-55
-56
-57
-58
-68
-68
-58
-58
-54
-54
-44
-66
-66
-44
-66
-66
-59
-59
-54
-55
-48
-54
-55
-57
-59
-55
-55
-66
-68
-56
-55
-58
-58
-54
-58
-58
-69
-71
-41
-41
-58
-79
-41
-67
-67
-56
-56
-52
-55
-56
-48
-68
-68
-58
-59
-64
-66
-46
-64
-66
-55
-56
-43
-57
-54
-54
-58
-59
-48
-58
-43
-49
-49
-54
-55
-65
-65
-58
-59
-65
-65
-59
-54
-54
-59
-59
-64
-65
-58
-59
-65
-66
-54
-55
-49
-44
-54
-55
-44
-58
-49
-58
-59
-68
-68
-55
-55
-58
-58
-55
-56
-57
-57
-58
-55
-56
-67
-68
-41
-66
-68
-60
-60
-56
-56
-55
-56
-58
-59
-56
-56
-44
-56
-56
-41
-44
-55
-56
-56
-56
-71
-72
-56
-56
-71
-69
-72
-72
-55
-56
-70
-70
-56
-56
-58
-59
-70
-68
-44
-70
-70
-55
-55
-69
-70
-68
-68
-59
-59
-52
-56
-56
-69
-69
-56
-56
-69
-69
-69
-69
-69
-69
-58
-70
-70
-58
-59
-71
-71
-59
-70
-71
-44
-60
-60
-68
-69
-44
-52
-58
-58
-69
-69
-59
-60
-56
-56
-67
-67
-56
-56
-68
-70
-68
-69
-67
-68
-41
-59
-60
-68
-68
-59
-60
-54
-55
-54
-55
-65
-65
-56
-56
-55
-55
-58
-58
-55
-55
-59
-59
-55
-56
-57
-58
-69
-70
-44
-67
-68
-55
-56
-72
-71
-55
-56
-54
-55
-40
-47
-54
-55
-79
-78
-56
-55
-60
-60
-82
-82
-71
-72
-72
-71
-72
-72
-55
-55
-73
-73
-39
-58
-58
-72
-73
-45
-54
-54
-55
-47
-54
-54
-73
-71
-55
-55
-74
-73
-58
-59
-58
-68
-57
-57
-57
-57
-59
-59
-55
-56
-55
-55
-82
-55
-55
-55
-55
-55
-55
-52
-57
-58
-68
-69
-69
-69
-58
-58
-69
-69
-41
-58
-58
-56
-55
-58
-58
-57
-58
-55
-42
-54
-55
-41
-58
-59
-60
-60
-61
-67
-68
-55
-55
-45
-41
-67
-67
-56
-55
-68
-68
-59
-59
-68
-67
-58
-55
-56
-42
-56
-67
-67
-41
-55
-55
-55
-68
-67
-56
-56
-58
-55
-56
-45
-67
-68
-44
-56
-57
-60
-67
-67
-56
-56
-68
-68
-68
-68
-57
-58
-54
-47
-69
-69
-57
-58
-69
-69
-58
-58
-56
-56
-58
-59
-56
-57
-43
-56
-56
-57
-58
-55
-57
-41
-47
-55
-56
-72
-73
-58
-59
-69
-69
-44
-69
-69
-59
-59
-71
-71
-44
-69
-71
-46
-57
-57
-57
-58
-68
-69
-57
-57
-48
-56
-57
-72
-70
-70
-72
-71
-71
-55
-56
-70
-70
-57
-55
-56
-55
-56
-68
-68
-56
-56
-46
-57
-57
-58
-57
-57
-58
-59
-56
-57
-59
-54
-59
-59
-67
-69
-57
-57
-69
-69
-59
-59
-69
-68
-57
-57
-58
-58
-69
-69
-58
-58
-57
-57
-43
-53
-58
-58
-42
-57
-59
-43
-56
-57
-58
-58
-56
-57
-57
-54
-57
-58
-71
-70
-56
-57
-69
-69
-57
-58
-69
-68
-69
-69
-58
-67
-67
-56
-57
-69
-68
-67
-67
-58
-55
-54
-40
-65
-67
-55
-55
-59
-54
-54
-59
-55
-55
-56
-56
-45
-56
-57
-66
-66
-58
-59
-63
-65
-44
-65
-66
-59
-59
-55
-57
-57
-60
-47
-54
-55
-44
-48
-56
-56
-65
-65
-58
-57
-66
-67
-54
-55
-44
-59
-59
-54
-55
-40
-43
-65
-65
-59
-60
-65
-65
-41
-66
-67
-42
-58
-51
-55
-55
-66
-66
-61
-61
-67
-67
-45
-65
-65
-56
-57
-58
-60
-55
-55
-56
-55
-56
-57
-45
-56
-57
-40
-57
-57
-40
-56
-56
-69
-69
-57
-41
-59
-59
-41
-40
-55
-57
-57
-57
-57
-65
-66
-55
-56
-45
-55
-56
-69
-68
-56
-56
-66
-68
-58
-60
-59
-71
-70
-59
-60
-56
-56
-59
-68
-68
-59
-51
-56
-57
-59
-59
-57
-70
-70
-55
-56
-45
-69
-70
-55
-56
-58
-59
-41
-58
-59
-55
-56
-59
-59
-69
-69
-58
-59
-68
-69
-59
-59
-69
-69
-41
-41
-52
-59
-58
-58
-59
-79
-58
-59
-68
-68
-41
-67
-69
-58
-59
-52
-58
-57
-56
-56
-68
-68
-55
-56
-41
-58
-59
-41
-58
-59
-40
-52
-69
-58
-44
-75
-55
-59
-68
-68
-55
-56
-67
-68
-59
-52
-56
-56
-53
-56
-56
-59
-59
-55
-56
-58
-59
-56
-56
-58
-59
-69
-69
-44
-68
-69
-59
-59
-56
-56
-58
-58
-44
-52
-58
-59
-68
-64
-58
-60
-55
-56
-69
-69
-44
-55
-56
-59
-59
-56
-56
-59
-59
-40
-59
-60
-59
-56
-56
-44
-69
-69
-59
-59
-70
-70
-59
-60
-58
-60
-56
-56
-59
-60
-56
-56
-44
-68
-70
-58
-59
-70
-70
-59
-60
-70
-70
-56
-56
-44
-59
-59
-71
-71
-59
-59
-59
-59
-72
-71
-69
-70
-44
-56
-56
-58
-59
-72
-72
-54
-56
-72
-72
-53
-56
-71
-71
-59
-59
-72
-71
-55
-56
-71
-72
-56
-55
-40
-55
-56
-56
-43
-59
-59
-55
-55
-44
-72
-71
-55
-44
-59
-59
-55
-55
-49
-55
-55
-58
-59
-71
-71
-59
-59
-71
-72
-42
-56
-55
-58
-59
