-52
-42
-51
-53
-51
-54
-54
-43
-53
-53
-53
-53
-67
-68
-72
-66
-68
-59
-52
-69
-71
-52
-68
-69
-68
-68
-55
-71
-65
-67
-76
-75
-43
-73
-74
-53
-53
-66
-66
-66
-66
-68
-68
-67
-69
-67
-68
-52
-53
-68
-67
-52
-52
-70
-71
-52
-52
-47
-67
-67
-52
-66
-67
-45
-71
-72
-47
-72
-72
-69
-68
-54
-53
-68
-68
-53
-53
-59
-53
-53
-66
-66
-69
-69
-49
-67
-68
-47
-70
-70
-72
-73
-53
-53
-48
-47
-64
-66
-53
-53
-51
-53
-53
-63
-63
-54
-54
-73
-51
-52
-81
-66
-66
-73
-73
-65
-66
-68
-69
-71
-71
-42
-69
-70
-52
-67
-67
-69
-69
-54
-74
-73
-39
-71
-71
-43
-68
-70
-50
-76
-78
-54
-56
-67
-54
-54
-54
-73
-73
-39
-70
-72
-73
-76
-53
-53
-71
-72
-70
-71
-73
-73
-80
-80
-82
-43
-71
-72
-71
-72
-75
-76
-71
-72
-52
-53
-78
-78
-79
-42
-82
-69
-71
-47
-60
-53
-76
-78
-52
-52
-73
-71
-78
-78
-70
-71
-53
-53
-56
-53
-71
-72
-42
-71
-71
-53
-53
-71
-72
-75
-74
-54
-74
-74
-59
-74
-53
-79
-80
-56
-77
-77
-53
-52
-72
-72
-72
-72
-43
-53
-53
-71
-71
-53
-53
-68
-70
-42
-53
-52
-53
-72
-72
-53
-53
-56
-38
-52
-74
-74
-53
-53
-73
-73
-71
-71
-75
-74
-72
-61
-74
-74
-47
-53
-71
-71
-46
-74
-75
-53
-72
-72
-75
-75
-71
-71
-53
-53
-74
-74
-42
-75
-74
-71
-72
-53
-53
-72
-72
-54
-74
-75
-60
-53
-53
-55
-53
-71
-71
-53
-53
-70
-71
-53
-52
-76
-75
-53
-53
-59
-56
-42
-70
-72
-47
-53
-53
-74
-75
-53
-54
-55
-53
-53
-75
-74
-71
-71
-74
-75
-68
-71
-59
-75
-74
-74
-53
-53
-69
-70
-53
-53
-60
-53
-53
-72
-71
-47
-72
-72
-73
-73
-60
-73
-73
-73
-73
-56
-52
-53
-57
-67
-56
-47
-72
-73
-55
-60
-72
-71
-44
-53
-53
-72
-72
-53
-53
-72
-71
-52
-53
-72
-72
-53
-52
-73
-73
-53
-71
-72
-53
-53
-72
-72
-75
-53
-53
-42
-72
-72
-53
-53
-53
-53
-61
-76
-75
-74
-38
-75
-74
-72
-72
-57
-71
-71
-74
-53
-53
-60
-71
-72
-53
-53
-56
-53
-53
-70
-72
-74
-72
-56
-53
-53
-55
-53
-53
-72
-71
-70
-71
-53
-53
-74
-74
-52
-53
-60
-70
-70
-53
-52
-53
-72
-72
-53
-59
-53
-53
-73
-73
-54
-42
-72
-72
-52
-53
-39
-70
-71
-53
-53
-69
-71
-53
-53
-60
-42
-73
-72
-42
-71
-71
-53
-53
-68
-53
-53
-59
-70
-72
-53
-74
-73
-72
-72
-60
-72
-72
-59
-71
-73
-58
-70
-72
-59
-75
-74
-52
-53
-75
-75
-74
-75
-53
-53
-71
-71
-72
-72
-42
-74
-74
-53
-53
-57
-74
-75
-72
-72
-52
-52
-80
-78
-71
-72
-58
-72
-72
-53
-53
-71
-72
-52
-53
-73
-74
-53
-52
-68
-69
-42
-57
-68
-69
-53
-52
-68
-70
-52
-73
-73
-52
-52
-73
-72
-42
-52
-68
-69
-52
-52
-54
-52
-72
-73
-70
-69
-71
-72
-52
-74
-74
-46
-68
-70
-72
-72
-72
-72
-68
-68
-73
-73
-75
-75
-52
-52
-69
-70
-47
-71
-71
-52
-53
-58
-52
-52
-82
-82
-52
-52
-55
-37
-52
-53
-75
-76
-52
-52
-71
-72
-73
-72
-53
-52
-72
-73
-52
-52
-72
-71
-72
-71
-71
-72
-52
-53
-72
-71
-53
-53
-74
-74
-73
-73
-55
-70
-72
-74
-73
-70
-72
-53
-53
-56
-74
-71
-71
-65
-71
-72
-72
-72
-59
-53
-53
-73
-73
-53
-53
-74
-74
-70
-72
-52
-52
-74
-74
-52
-53
-70
-72
-53
-53
-72
-72
-75
-75
-55
-74
-74
-52
-52
-59
-52
-52
-75
-74
-69
-70
-76
-75
-52
-53
-54
-75
-74
-53
-75
-74
-77
-73
-70
-71
-53
-53
-54
-71
-47
-52
-53
-70
-71
-52
-53
-71
-71
-41
-72
-71
-53
-53
-72
-72
-52
-52
-71
-52
-53
-71
-72
-53
-52
-70
-70
-71
-72
-69
-70
-52
-52
-54
-53
-52
-72
-71
-70
-71
-53
-52
-71
-71
-72
-73
-53
-53
-52
-53
-72
-79
-71
-71
-57
-52
-52
-72
-73
-53
-53
-73
-73
-52
-53
-58
-71
-71
-53
-52
-55
-53
-55
-73
-73
-72
-72
-52
-71
-71
-53
-52
-52
-53
-73
-72
-71
-71
-42
-54
-42
-71
-70
-72
-72
-58
-72
-71
-72
-72
-55
-72
-72
-72
-72
-71
-70
-42
-70
-70
-72
-72
-52
-53
-58
-71
-72
-70
-71
-72
-73
-70
-71
-71
-72
-71
-71
-72
-73
-70
-71
-52
-52
-71
-70
-47
-71
-72
-52
-52
-71
-70
-53
-71
-72
-52
-53
-72
-72
-53
-53
-52
-73
-73
-71
-71
-56
-52
-52
-55
-73
-72
-53
-52
-71
-71
-53
-53
-72
-71
-72
-72
-71
-71
-53
-52
-73
-73
-53
-52
-55
-53
-71
-71
-53
-52
-53
-53
-72
-72
-55
-71
-72
-42
-72
-73
-55
-52
-52
-72
-72
-72
-73
-55
-72
-72
-52
-72
-73
-52
-53
-71
-71
-72
-72
-52
-54
-72
-72
-70
-71
-71
-71
-53
-53
-72
-72
-72
-72
-47
-55
-58
-68
-71
-57
-71
-72
-71
-71
-72
-72
-42
-53
-53
-72
-72
-71
-72
-73
-73
-73
-73
-52
-53
-73
-73
-52
-52
-72
-71
-71
-71
-72
-72
-53
-53
-71
-72
-51
-52
-57
-72
-52
-52
-72
-73
-52
-57
-54
-71
-72
-71
-71
-71
-71
-55
-53
-52
-71
-72
-73
-73
-42
-71
-72
-73
-72
-55
-46
-55
-71
-47
-57
-53
-41
-57
-52
-52
-71
-72
-53
-52
-57
-58
-53
-72
-71
-52
-70
-71
-71
-71
-71
-69
-72
-72
-73
-72
-72
-72
-53
-53
-72
-72
-53
-52
-46
-53
-53
-53
-53
-73
-71
-38
-55
-53
-52
-71
-70
-38
-53
-52
-71
-71
-53
-52
-72
-71
-72
-72
-71
-71
-73
-71
-41
-72
-47
-73
-73
-71
-70
-57
-54
-71
-72
-72
-72
-55
-73
-72
-53
-53
-57
-52
-52
-52
-53
-70
-72
-52
-52
-72
-72
-53
-53
-56
-47
-71
-72
-53
-73
-73
-53
-72
-72
-53
-52
-70
-70
-39
-71
-72
-72
-72
-52
-72
-72
-52
-53
-72
-72
-57
-47
-71
-71
-72
-72
-71
-72
-72
-72
-71
-71
-72
-73
-71
-71
-56
-71
-72
-52
-52
-72
-71
-72
-72
-72
-73
-71
-72
-53
-53
-53
-53
-71
-72
-56
-53
-52
-72
-71
-71
-70
-72
-72
-71
-57
-73
-73
-71
-72
-42
-69
-72
-76
-53
-53
-72
-72
-72
-72
-56
-57
-72
-72
-72
-73
-72
-73
-72
-71
-72
-53
-72
-72
-47
-70
-71
-72
-72
-72
-71
-53
-52
-72
-72
-41
-72
-71
-41
-72
-73
-56
-52
-53
-52
-52
-72
-72
-72
-73
-71
-71
-72
-72
-73
-73
-56
-53
-71
-71
-52
-53
-73
-73
-72
-71
-74
-73
-72
-72
-53
-53
-69
-71
-58
-70
-71
-43
-53
-71
-71
-53
-53
-71
-71
-57
-53
-53
-73
-72
-53
-53
-71
-72
-42
-71
-71
-72
-72
-71
-70
-72
-73
-72
-72
-72
-72
-70
-71
-73
-72
-73
-73
-72
-72
-55
-73
-73
-53
-53
-58
-53
-53
-73
-73
-42
-74
-74
-71
-72
-73
-74
-52
-53
-73
-75
-71
-71
-52
-53
-74
-73
-73
-73
-70
-70
-73
-74
-53
-74
-74
-70
-72
-43
-71
-71
-53
-53
-73
-73
-55
-73
-72
-72
-73
-38
-72
-72
-72
-70
-72
-72
-53
-53
-54
-71
-43
-73
-73
-53
-53
-58
-70
-71
-73
-72
-72
-72
-59
-52
-52
-59
-52
-72
-69
-70
-71
-71
-53
-53
-70
-71
-73
-72
-76
-74
-73
-73
-71
-72
-59
-73
-72
-53
-53
-58
-71
-71
-73
-72
-71
-72
-53
-53
-71
-71
-72
-73
-72
-71
-71
-72
-52
-72
-72
-72
-72
-53
-53
-71
-72
-53
-53
-72
-71
-72
-72
-71
-72
-56
-53
-53
-72
-72
-37
-57
-53
-53
-72
-72
-72
-71
-72
-73
-56
-72
-72
-72
-71
-71
-73
-53
-53
-52
-53
-71
-72
-53
-53
-55
-72
-71
-72
-72
-57
-56
-48
-71
-72
-53
-53
-57
-57
-71
-71
-57
-53
-71
-71
-52
-53
-56
-53
-52
-73
-72
-56
-57
-72
-72
-71
-71
-71
-73
-52
-53
-71
-71
-47
-71
-72
-42
-72
-73
-53
-52
-42
-69
-71
-71
-71
-54
-73
-72
-72
-39
-55
-53
-53
-71
-42
-71
-71
-72
-72
-71
-72
-72
-72
-56
-72
-70
-71
-42
-56
-53
-53
-57
-53
-72
-72
-52
-56
-53
-72
-72
-52
-53
-71
-72
-70
-72
-47
-72
-72
-53
-53
-52
-71
-53
-53
-71
-72
-71
-42
-71
-71
-58
-72
-72
-52
-52
-42
-73
-71
-43
-72
-73
-69
-71
-72
-71
-56
-52
-53
-74
-73
-53
-52
-53
-52
-73
-71
-56
-54
-73
-55
-53
-53
-47
-59
-52
-53
-71
-72
-53
-72
-72
-72
-72
-71
-73
-70
-72
-57
-56
-53
-73
-71
-71
-71
-42
-54
-52
-52
-42
-72
-72
-43
-55
-72
-71
-71
-72
-72
-73
-73
-59
-72
-72
-42
-71
-72
-73
-74
-74
-73
-59
-52
-71
-72
-53
-53
-71
-71
-56
-73
-72
-71
-71
-71
-72
-74
-73
-53
-72
-72
-74
-74
-72
-73
-52
-53
-71
-72
-72
-73
-53
-52
-74
-73
-53
-53
-73
-73
-53
-53
-72
-71
-52
-53
-73
-72
-71
-72
-81
-78
-53
-52
-63
-42
-59
-52
-58
-72
-53
-53
-68
-70
-53
-60
-73
-52
-70
-70
-52
-52
-55
-53
-52
-60
-74
-75
-69
-70
-72
-72
-56
-72
-71
-72
-72
-72
-52
-52
-57
-73
-73
-73
-73
-70
-70
-74
-75
-72
-72
-53
-52
-55
-71
-73
-56
-53
-52
-70
-71
-38
-72
-71
-72
-72
-53
-73
-71
-72
-72
-38
-57
-72
-72
-53
-71
-71
-42
-69
-71
-72
-72
-72
-72
-47
-71
-71
-71
-72
-71
-71
-71
-72
-52
-72
-72
-57
-70
-70
-53
-71
-71
-70
-70
-71
-72
-52
-53
-55
-57
-53
-56
-52
-53
-68
-70
-42
-70
-71
-53
-71
-71
-71
-72
-71
-72
-72
-72
-70
-71
-71
-72
-72
-72
-57
-71
-70
-53
-52
-71
-70
-53
-71
-72
-56
-53
-53
-71
-72
-69
-70
-54
-42
-55
-53
-53
-71
-72
-52
-53
-72
-72
-71
-71
-71
-72
-52
-53
-70
-71
-52
-53
-55
-53
-53
-57
-52
-53
-71
-70
-43
-42
-70
-70
-53
-53
-69
-71
-53
-71
-72
-52
-52
-71
-71
-53
-53
-71
-71
-71
-73
-53
-71
-72
-53
-72
-73
-54
-57
-53
-53
-71
-72
-38
-71
-72
-70
-72
-71
-72
-53
-71
-71
-71
-71
-56
-71
-71
-70
-72
-71
-71
-53
-52
-56
-72
-72
-53
-53
-71
-71
-71
-71
-71
-72
-53
-53
-70
-70
-53
-70
-72
-53
-53
-72
-72
-53
-53
-69
-70
-52
-53
-55
-72
-72
-71
-71
-53
-53
-71
-71
-57
-47
-71
-71
-71
-72
-70
-71
-72
-72
-55
-53
-53
-70
-71
-57
-68
-70
-71
-72
-73
-72
-42
