-52
-51
-46
-73
-72
-51
-51
-73
-72
-51
-51
-58
-46
-72
-73
-52
-51
-58
-69
-70
-73
-73
-72
-72
-46
-72
-72
-36
-58
-52
-73
-72
-68
-70
-72
-72
-68
-70
-51
-51
-51
-51
-68
-70
-51
-70
-69
-69
-70
-73
-72
-70
-70
-72
-72
-68
-70
-52
-52
-72
-72
-70
-70
-73
-72
-70
-70
-70
-70
-51
-51
-73
-72
-52
-51
-72
-72
-70
-70
-69
-70
-73
-72
-51
-58
-59
-70
-51
-57
-51
-72
-72
-51
-69
-70
-73
-73
-70
-70
-70
-71
-46
-58
-72
-70
-70
-72
-72
-51
-52
-72
-72
-70
-70
-51
-51
-54
-51
-51
-52
-73
-72
-51
-52
-70
-70
-68
-51
-51
-51
-52
-52
-58
-73
-51
-52
-73
-73
-51
-51
-70
-70
-51
-51
-73
-73
-68
-70
-41
-68
-70
-74
-72
-70
-70
-57
-51
-51
-70
-70
-55
-72
-72
-70
-58
-51
-45
-69
-70
-54
-52
-51
-72
-72
-69
-70
-72
-72
-72
-72
-52
-72
-72
-70
-70
-72
-72
-57
-70
-70
-68
-70
-69
-71
-36
-68
-70
-70
-70
-72
-72
-46
-51
-52
-58
-72
-51
-51
-73
-72
-39
-73
-72
-52
-73
-72
-51
-52
-69
-70
-51
-51
-70
-70
-73
-72
-69
-70
-73
-72
-45
-70
-70
-73
-72
-70
-70
-72
-72
-69
-70
-73
-72
-70
-70
-51
-51
-55
-51
-52
-54
-68
-70
-51
-51
-51
-73
-72
-73
-72
-51
-51
-51
-51
-55
-52
-52
-68
-70
-72
-72
-55
-46
-73
-73
-73
-73
-51
-52
-73
-73
-41
-73
-51
-51
-73
-73
-70
-70
-51
-54
-42
-68
-70
-36
-73
-72
-52
-51
-58
-73
-73
-51
-51
-55
-52
-51
-72
-72
-37
-57
-72
-50
-51
-72
-72
-52
-51
-59
-51
-73
-73
-69
-70
-52
-52
-63
-73
-73
-70
-70
-58
-73
-43
-70
-70
-69
-70
-52
-57
-74
-72
-69
-70
-43
-58
-70
-70
-51
-51
-73
-73
-51
-51
-69
-70
-51
-51
-73
-72
-69
-70
-52
-51
-69
-70
-72
-72
-54
-72
-72
-54
-70
-70
-70
-70
-73
-72
-69
-70
-72
-72
-46
-68
-70
-46
-70
-70
-51
-51
-70
-71
-73
-73
-51
-51
-70
-70
-52
-52
-73
-52
-51
-72
-72
-52
-51
-58
-70
-70
-46
-73
-73
-55
-73
-73
-70
-70
-57
-70
-70
-52
-51
-70
-71
-45
-59
-51
-51
-73
-73
-70
-70
-52
-51
-73
-73
-72
-72
-70
-70
-70
-70
-52
-58
-73
-73
-69
-70
-73
-73
-51
-51
-55
-52
-51
-73
-73
-70
-70
-73
-73
-55
-71
-70
-70
-46
-73
-73
-46
-55
-69
-71
-51
-52
-58
-46
-69
-71
-52
-51
-73
-73
-55
-51
-51
-70
-70
-51
-51
-70
-70
-51
-52
-70
-70
-43
-51
-68
-70
-46
-74
-73
-46
-58
-52
-52
-58
-52
-51
-73
-73
-52
-51
-73
-73
-51
-52
-74
-73
-51
-69
-71
-73
-73
-52
-71
-71
-51
-51
-59
-51
-52
-74
-74
-71
-71
-74
-73
-70
-70
-59
-70
-70
-69
-55
-70
-52
-74
-74
-52
-51
-52
-51
-70
-70
-70
-71
-74
-73
-51
-74
-73
-69
-70
-74
-74
-52
-51
-74
-73
-52
-52
-70
-71
-51
-51
-69
-70
-74
-74
-55
-52
-51
-55
-59
-71
-71
-51
-51
-74
-73
-51
-73
-73
-69
-71
-59
-74
-73
-74
-73
-52
-51
-74
-73
-73
-73
-69
-70
-73
-73
-51
-51
-73
-73
-51
-51
-69
-69
-73
-73
-69
-70
-51
-51
-73
-73
-52
-51
-73
-73
-51
-55
-51
-51
-72
-72
-51
-72
-72
-45
-73
-72
-70
-71
-58
-69
-70
-45
-70
-70
-72
-72
-51
-72
-72
-51
-51
-51
-51
-72
-72
-51
-52
-72
-72
-52
-51
-72
-72
-46
-51
-51
-72
-71
-69
-70
-72
-72
-37
-57
-54
-72
-72
-68
-70
-51
-69
-70
-51
-52
-72
-72
-52
-51
-72
-72
-51
-52
-72
-72
-52
-52
-36
-72
-72
-54
-51
-51
-72
-72
-46
-72
-71
-52
-51
-55
-51
-51
-72
-72
-46
-69
-70
-72
-72
-73
-72
-54
-72
-72
-69
-70
-72
-72
-69
-70
-57
-70
-70
-51
-51
-72
-72
-51
-51
-71
-71
-51
-51
-73
-72
-51
-51
-69
-70
-36
-69
-70
-69
-70
-57
-51
-57
-52
-51
-72
-72
-54
-51
-51
-68
-70
-52
-72
-72
-51
-51
-72
-71
-68
-70
-69
-70
-51
-52
-72
-72
-52
-52
-55
-51
-51
-70
-70
-68
-70
-72
-72
-51
-51
-72
-71
-51
-69
-70
-72
-72
-52
-51
-72
-72
-72
-72
-70
-70
-44
-46
-71
-72
-52
-51
-68
-70
-51
-53
-57
-71
-52
-74
-72
-51
-73
-72
-51
-52
-57
-45
-51
-69
-70
-52
-52
-72
-72
-68
-70
-72
-51
-51
-72
-72
-46
-72
-72
-51
-51
-72
-72
-52
-52
-72
-72
-46
-51
-73
-72
-51
-51
-73
-73
-68
-70
-72
-72
-69
-70
-69
-69
-57
-51
-51
-58
-69
-70
-73
-72
-68
-70
-52
-51
-70
-71
-68
-70
-36
-73
-73
-69
-69
-63
-54
-58
-69
-70
-51
-51
-72
-72
-51
-51
-58
-52
-51
-72
-73
-51
-51
-73
-72
-68
-70
-51
-72
-72
-69
-70
-58
-69
-70
-51
-51
-51
-69
-70
-52
-57
-51
-69
-70
-73
-72
-45
-57
-52
-51
-73
-73
-55
-72
-72
-46
-64
-51
-51
-69
-69
-46
-70
-70
-72
-72
-73
-72
-51
-52
-73
-73
-46
-73
-73
-52
-51
-73
-73
-51
-72
-72
-70
-69
-73
-73
-70
-70
-51
-52
-51
-52
-70
-71
-51
-51
-51
-68
-70
-55
-69
-70
-72
-72
-52
-73
-72
-52
-55
-51
-51
-68
-70
-73
-72
-52
-69
-70
-46
-73
-72
-51
-51
-70
-70
-70
-71
-73
-73
-55
-51
-51
-54
-51
-51
-73
-73
-69
-70
-54
-51
-51
-70
-70
-73
-72
-55
-58
-55
-73
-73
-52
-52
-58
-46
-73
-73
-51
-51
-72
-72
-51
-51
-73
-73
-73
-73
-70
-70
-51
-51
-73
-73
-52
-51
-69
-70
-73
-72
-51
-51
-73
-73
-54
-70
-71
-68
-70
-51
-51
-55
-51
-52
-55
-36
-55
-51
-51
-73
-73
-51
-52
-74
-74
-74
-74
-52
-51
-74
-74
-55
-73
-73
-70
-70
-46
-74
-74
-55
-69
-71
-59
-46
-70
-70
-52
-52
-44
-55
-59
-45
-59
-74
-70
-71
-75
-75
-54
-74
-74
-51
-51
-70
-70
-72
-72
-72
-72
-52
-51
-51
-51
-70
-70
-60
-74
-46
-59
-46
-75
-75
-75
-75
-70
-70
-70
-71
-51
-52
-55
-60
-46
-75
-74
-46
-74
-74
-52
-52
-51
-52
-60
-70
-71
-60
-76
-75
-46
-76
-76
-56
-52
-71
-71
-51
-52
-75
-75
-52
-51
-61
-52
-46
-71
-71
-60
-75
-75
-45
-75
-75
-75
-75
-71
-71
-75
-70
-71
-44
-76
-76
-51
-52
-61
-70
-71
-52
-51
-69
-71
-52
-52
-62
-55
-76
-76
-70
-71
-51
-75
-75
-75
-75
-56
-60
-52
-51
-71
-71
-51
-51
-61
-69
-71
-70
-72
-46
-52
-52
-71
-72
-56
-45
-70
-71
-71
-71
-71
-71
-51
-51
-70
-71
-60
-56
-56
-60
-46
-60
-69
-71
-70
-71
-52
-52
-75
-75
-52
-52
-51
-59
-51
-52
-76
-74
-55
-71
-74
-74
-51
-52
-52
-52
-52
-51
-56
-75
-75
-51
-52
-76
-75
-55
-51
-51
-70
-71
-75
-74
-70
-70
-55
-51
-51
-74
-74
-52
-52
-70
-71
-52
-52
-79
-76
-52
-52
-52
-52
-51
-69
-70
-73
-72
-72
-72
-52
-51
-75
-74
-52
-51
-76
-77
-71
-71
-64
-72
-72
-74
-74
-52
-72
-72
-52
-51
-73
-73
-60
-75
-75
-52
-52
-52
-52
-72
-72
-52
-52
-72
-72
-55
-45
-74
-74
-68
-69
-52
-52
-71
-72
-75
-57
-75
-75
-51
-51
-59
-72
-72
-73
-73
-54
-76
-76
-45
-72
-72
-59
-52
-52
-70
-71
-73
-73
-51
-55
-60
-71
-72
-76
-76
-72
-72
-76
-75
-51
-52
-52
-52
-52
-52
-74
-74
-51
-52
-60
-52
-51
-71
-72
-73
-72
-51
-51
-73
-73
-57
-73
-71
-73
-73
-72
-72
-69
-69
-72
-72
-71
-71
-74
-74
-71
-71
-57
-72
-71
-72
-72
-73
-73
-51
-51
-71
-72
-72
-72
-69
-69
-36
-84
-81
-55
-67
-67
-71
-71
-46
-70
-71
-68
-68
-51
-49
-60
-49
-72
-73
-37
-72
-71
-70
-72
-53
-52
-52
-78
-76
-37
-67
-68
-73
-72
-53
-52
-52
-52
-51
-51
-67
-68
-52
-71
-71
-70
-70
-71
-71
-70
-71
-51
-51
-71
-71
-70
-71
-75
-76
-52
-52
-78
-79
-51
-83
-84
-52
-51
-65
-67
-46
-77
-77
-81
-77
-36
-72
-51
-51
-59
-51
-52
-75
-75
-72
-71
-64
-65
-51
-50
-67
-68
-51
-51
-55
-44
-70
-71
-50
-50
-68
-70
-51
-51
-69
-69
-76
-75
-70
-69
-60
-51
-51
-73
-73
-69
-69
-51
-53
-35
-57
-51
-51
-68
-68
-66
-68
-58
-51
-51
-72
-72
-51
-51
-72
-71
-51
-51
-68
-68
-68
-68
-53
-51
-51
-72
-72
-51
-51
-73
-73
-69
-69
-51
-52
-57
-51
-51
-69
-69
-51
-51
-74
-73
-68
-69
-73
-72
-51
-51
-72
-71
-51
-51
-69
-69
-51
-51
-68
-68
-55
-45
-70
-70
-68
-72
-71
-51
-71
-72
-51
-51
-67
-69
-51
-51
-56
-69
-69
-56
-43
-71
-71
-69
-69
-51
-51
-69
-70
-53
-72
-72
-51
-51
-72
-72
-51
-51
-71
-72
-69
-69
-72
-71
-68
-69
-51
-51
-69
-69
-51
-51
-54
-69
-70
-69
-69
-72
-72
-69
-69
-72
-72
-68
-70
-69
-71
-51
-51
-71
-71
-51
-51
-55
-71
-50
-69
-70
-55
-51
-51
-69
-70
-55
-36
-71
-70
-51
-51
-69
-69
-68
-70
-68
-70
-70
-70
-51
-55
-72
-71
-67
-69
-72
-72
-71
-71
-51
-51
-72
-72
-68
-69
-71
-71
-45
-69
-69
-51
-51
-72
-72
-51
-51
-69
-69
-41
-69
-70
-69
-51
-51
-51
-51
-68
-69
-73
-71
-57
-51
-51
-51
-51
-70
-70
-51
-51
-70
-51
-51
-71
-70
-51
-51
-69
-69
-51
-51
-51
-51
-68
-70
-67
-67
-51
-51
-54
-51
-51
-65
-67
-65
-67
-66
-66
-64
-66
-69
-68
-66
-66
-51
-51
-66
-67
-45
-68
-68
-41
-68
-68
-67
-67
-65
-67
-50
-51
-66
-67
-68
-69
-67
-67
-45
-51
-50
-51
-36
-69
-70
-51
-51
-68
-68
-68
-68
-66
-67
-68
-68
-66
-67
-68
-68
-66
-68
-67
-68
-67
-67
-52
-66
-67
-51
-51
-65
-66
-51
-51
-52
-51
-51
-67
-66
-65
-66
-43
-41
-66
-68
-51
-51
-67
-67
-51
-51
-65
-66
-51
-52
-52
-68
-68
-65
-66
-66
-66
-66
-66
-66
-66
-68
-68
-51
-51
-68
-68
-66
-66
-68
-68
-51
-51
-51
-45
-52
-51
-65
-66
-67
-67
-45
-66
-64
-52
-51
-67
-67
-51
-67
-67
-66
-66
-51
-51
-51
-68
-67
-66
-66
-51
-51
-65
-66
-40
-66
-67
-66
-66
-51
-66
-67
-66
-66
-51
-66
-51
-68
-67
-51
-51
-67
-66
-67
-67
-51
-67
-67
-66
-67
-67
-67
-67
-67
-67
