-79
-78
-64
-64
-88
-92
-59
-59
-65
-65
-65
-65
-66
-65
-66
-66
-42
-65
-65
-59
-59
-65
-66
-64
-59
-59
-63
-69
-58
-59
-77
-77
-57
-59
-77
-77
-50
-42
-51
-59
-59
-66
-84
-82
-66
-66
-83
-52
-66
-79
-45
-50
-45
-65
-51
-60
-60
-51
-61
-60
-65
-66
-71
-68
-61
-61
-83
-81
-61
-61
-51
-60
-60
-60
-60
-65
-65
-66
-61
-61
-65
-65
-71
-65
-65
-81
-82
-81
-81
-65
-66
-61
-61
-65
-65
-61
-61
-51
-80
-80
-61
-61
-65
-61
-61
-61
-61
-65
-61
-61
-64
-66
-59
-61
-65
-66
-59
-61
-81
-79
-45
-61
-66
-66
-66
-66
-61
-61
-78
-78
-45
-45
-66
-67
-61
-61
-59
-61
-66
-66
-61
-61
-45
-67
-79
-79
-79
-81
-67
-67
-67
-71
-61
-61
-61
-61
-65
-67
-61
-61
-66
-66
-61
-61
-85
-82
-60
-60
-68
-78
-61
-61
-78
-79
-45
-61
-61
-81
-83
-78
-78
-79
-79
-61
-61
-61
-61
-80
-78
-60
-61
-61
-61
-80
-83
-61
-61
-66
-60
-60
-67
-66
-61
-61
-77
-77
-45
-78
-78
-61
-61
-81
-85
-45
-67
-67
-66
-66
-45
-65
-67
-60
-61
-52
-61
-61
-65
-67
-61
-61
-80
-79
-45
-84
-82
-76
-75
-59
-59
-80
-82
-81
-82
-44
-64
-43
-66
-66
-58
-60
-64
-66
-59
-60
-65
-66
-44
-73
-74
-65
-60
-59
-66
-42
-51
-59
-59
-65
-65
-59
-60
-67
-78
-77
-60
-60
-64
-64
-66
-59
-60
-77
-78
-64
-66
-60
-60
-66
-60
-60
-52
-77
-75
-61
-59
-59
-65
-66
-59
-59
-66
-66
-63
-77
-78
-72
-65
-59
-59
-66
-60
-59
-51
-60
-60
-79
-77
-59
-60
-84
-82
-59
-59
-84
-83
-65
-79
-79
-69
-78
-82
-45
-76
-75
-60
-60
-76
-79
-60
-60
-63
-44
-63
-63
-81
-80
-63
-63
-77
-77
-49
-60
-60
-62
-63
-61
-60
-63
-63
-60
-60
-63
-63
-75
-76
-49
-64
-78
-79
-63
-63
-61
-61
-63
-64
-78
-76
-63
-64
-62
-64
-59
-61
-64
-61
-61
-63
-60
-60
-79
-76
-59
-61
-49
-60
-60
-63
-64
-59
-61
-63
-64
-44
-64
-65
-60
-61
-65
-65
-45
-77
-78
-44
-60
-65
-83
-82
-65
-65
-78
-79
-51
-60
-60
-82
-80
-61
-61
-63
-46
-64
-64
-45
-64
-64
-61
-61
-64
-65
-45
-50
-71
-72
-61
-61
-73
-73
-73
-75
-61
-61
-64
-64
-72
-73
-50
-71
-72
-61
-61
-72
-72
-63
-64
-71
-71
-72
-72
-64
-65
-61
-61
-63
-64
-60
-60
-72
-74
-64
-64
-61
-61
-64
-64
-71
-71
-64
-64
-45
-73
-75
-64
-65
-61
-61
-50
-60
-60
-50
-60
-61
-50
-75
-74
-64
-64
-45
-74
-76
-61
-61
-63
-64
-45
-63
-65
-71
-59
-60
-50
-61
-61
-63
-64
-72
-72
-45
-50
-72
-72
-72
-72
-63
-63
-73
-74
-63
-64
-60
-60
-49
-60
-61
-73
-73
-64
-72
-72
-73
-75
-76
-77
-61
-61
-64
-64
-50
-60
-60
-49
-45
-64
-64
-60
-61
-63
-64
-72
-72
-64
-76
-75
-59
-60
-72
-72
-73
-72
-45
-73
-73
-60
-61
-64
-63
-64
-73
-75
-59
-60
-64
-64
-60
-61
-58
-61
-61
-72
-61
-60
-72
-72
-61
-61
-72
-71
-60
-61
-64
-64
-72
-73
-61
-61
-72
-73
-45
-72
-72
-61
-61
-73
-75
-63
-64
-61
-61
-64
-64
-72
-72
-61
-61
-49
-61
-61
-63
-64
-60
-60
-74
-74
-58
-72
-72
-59
-60
-63
-64
-72
-72
-64
-65
-75
-75
-59
-61
-58
-60
-68
-61
-60
-63
-64
-71
-71
-59
-59
-61
-71
-71
-61
-61
-45
-74
-73
-63
-64
-73
-76
-73
-73
-61
-61
-64
-45
-68
-69
-46
-75
-77
-61
-61
-48
-61
-61
-74
-74
-47
-58
-60
-62
-60
-60
-62
-62
-44
-48
-72
-72
-62
-62
-62
-62
-62
-63
-72
-72
-61
-62
-72
-72
-61
-62
-43
-48
-60
-61
-63
-61
-63
-43
-48
-60
-59
-59
-59
-63
-63
-71
-71
-44
-62
-63
-63
-68
-68
-68
-69
-60
-60
-59
-60
-69
-69
-63
-63
-55
-63
-63
-55
-63
-63
-63
-63
-60
-60
-56
-44
-49
-60
-60
-67
-69
-69
-69
-60
-60
-63
-63
-69
-69
-70
-70
-54
-60
-60
-63
-63
-60
-60
-63
-63
-58
-60
-69
-69
-67
-68
-60
-60
-62
-63
-44
-61
-59
-60
-70
-70
-49
-69
-70
-60
-60
-57
-63
-63
-44
-69
-69
-60
-60
-57
-55
-49
-59
-60
-49
-67
-69
-59
-60
-63
-63
-68
-69
-49
-68
-69
-62
-63
-63
-68
-68
-49
-44
-69
-69
-59
-60
-58
-60
-62
-63
-49
-60
-60
-63
-63
-60
-60
-62
-63
-62
-63
-69
-69
-60
-60
-62
-63
-52
-66
-60
-61
-61
-61
-63
-63
-62
-63
-60
-60
-63
-63
-61
-61
-63
-63
-68
-68
-63
-63
-68
-69
-63
-63
-67
-68
-62
-63
-45
-63
-63
-59
-60
-63
-63
-68
-68
-62
-63
-67
-68
-60
-60
-68
-68
-59
-60
-59
-60
-67
-68
-44
-68
-68
-60
-60
-49
-60
-60
-55
-63
-63
-62
-70
-70
-62
-60
-60
-60
-60
-63
-55
-44
-48
-60
-60
-70
-69
-60
-59
-62
-63
-69
-68
-60
-60
-54
-63
-63
-67
-68
-60
-60
-53
-63
-63
-45
-61
-60
-67
-68
-59
-60
-70
-70
-54
-68
-60
-60
-63
-63
-59
-60
-68
-69
-48
-68
-68
-59
-60
-59
-60
-49
-60
-60
-63
-63
-67
-68
-54
-63
-64
-63
-64
-68
-69
-60
-60
-55
-48
-63
-63
-60
-60
-63
-63
-56
-48
-60
-60
-71
-70
-60
-60
-63
-63
-69
-59
-60
-55
-54
-63
-63
-69
-69
-45
-69
-69
-59
-61
-63
-63
-63
-59
-60
-69
-70
-62
-63
-68
-69
-60
-61
-49
-59
-61
-44
-63
-60
-59
-62
-63
-61
-60
-63
-45
-63
-63
-60
-60
-49
-68
-69
-60
-60
-70
-70
-60
-61
-63
-64
-60
-60
-60
-60
-60
-61
-64
-64
-70
-70
-69
-69
-69
-69
-69
-70
-70
-70
-60
-60
-63
-64
-60
-60
-63
-64
-60
-60
-63
-63
-69
-69
-60
-60
-62
-63
-60
-61
-62
-60
-60
-62
-63
-45
-64
-64
-60
-61
-69
-69
-61
-61
-55
-69
-69
-63
-63
-69
-69
-63
-60
-60
-49
-70
-71
-61
-60
-60
-61
-70
-70
-63
-63
-70
-69
-61
-60
-63
-60
-60
-63
-63
-60
-60
-60
-61
-69
-69
-60
-60
-62
-63
-44
-49
-60
-61
-45
-45
-71
-71
-69
-70
-68
-69
-61
-61
-45
-60
-61
-70
-72
-49
-60
-60
-69
-69
-63
-64
-70
-71
-63
-63
-45
-49
-64
-69
-70
-49
-60
-60
-63
-63
-69
-69
-49
-69
-69
-60
-60
-64
-59
-60
-63
-63
-60
-60
-63
-63
-73
-72
-49
-59
-60
-64
-64
-63
-63
-72
-72
-60
-60
-71
-71
-64
-70
-71
-64
-64
-68
-70
-64
-65
-64
-68
-69
-59
-60
-70
-70
-44
-63
-63
-70
-71
-70
-70
-63
-63
-70
-70
-59
-60
-72
-72
-59
-60
-49
-60
-60
-64
-63
-44
-63
-63
-68
-70
-60
-60
-49
-60
-60
-62
-60
-60
-53
-59
-60
-53
-60
-60
-67
-68
-45
-69
-70
-61
-61
-65
-45
-63
-63
-59
-60
-61
-62
-72
-71
-48
-46
-72
-73
-59
-61
-73
-74
-64
-64
-45
-61
-76
-75
-74
-59
-60
-60
-73
-74
-59
-76
-75
-68
-60
-60
-70
-45
-63
-64
-60
-61
-76
-75
-64
-64
-60
-60
-76
-76
-76
-75
-59
-61
-76
-75
-74
-74
-64
-64
-60
-60
-49
-45
-74
-73
-79
-76
-73
-73
-73
-74
-44
-73
-73
-64
-64
-74
-74
-50
-74
-74
-78
-77
-61
-61
-49
-45
-62
-62
-73
-73
-64
-64
-60
-60
-49
-45
-64
-64
-72
-72
-61
-60
-59
-59
-61
-63
-60
-61
-76
-75
-73
-74
-78
-77
-61
-61
-78
-76
-73
-61
-45
-64
-64
-58
-61
-64
-64
-79
-77
-61
-61
-75
-76
-63
-45
-78
-75
-49
-72
-72
-73
-73
-59
-61
-74
-77
-59
-61
-63
-64
-61
-61
-50
-72
-72
-72
-72
-72
-72
-64
-64
-45
-64
-64
-59
-72
-74
-73
-74
-72
-72
-73
-76
-74
-73
-59
-60
-62
-45
-64
-64
-59
-61
-65
-60
-61
-64
-64
-74
-76
-61
-62
-64
-75
-74
-59
-60
-75
-74
-45
-61
-63
-64
-59
-60
-60
-60
-71
-72
-49
-74
-73
-64
-64
-65
-61
-61
-71
-72
-61
-60
-72
-72
-64
-64
-76
-78
-60
-60
-72
-72
-61
-60
-63
-64
-72
-72
-60
-61
-72
-74
-63
-64
-73
-73
-64
-64
-59
-49
-71
-71
-71
-72
-63
-64
-76
-75
-64
-64
-58
-60
-61
-73
-71
-73
-75
-60
-45
-76
-76
-71
-71
-61
-61
-64
-65
-59
-61
-63
-64
-61
-61
-72
-71
-50
-61
-61
-64
-64
-74
-73
-72
-72
-64
-64
-76
-74
-49
-71
-71
-49
-64
-64
-72
-71
-64
-64
-72
-72
-60
-60
-73
-72
-59
-60
-73
-72
-45
-72
-73
-60
-60
-71
-71
-60
-60
-64
-65
-73
-75
-72
-73
-60
-60
-63
-64
-61
-60
-60
-60
-64
-64
-64
-72
-73
-59
-60
-73
-75
-60
-60
-49
-44
-64
-64
-60
-60
-63
-64
-45
-72
-72
-60
-60
-72
-72
-64
-64
-64
-64
-62
-64
-60
-60
-63
-64
-60
-61
-77
-77
-60
-60
-64
-75
-74
-50
-75
-76
-60
-60
-49
-44
-49
-60
-60
-60
-60
-50
-59
-60
-60
-60
-60
-63
-64
-59
-60
-73
-72
-63
-64
-72
-72
-64
-65
-70
-64
-64
-61
-64
-64
-75
-74
-62
-45
-62
-62
-61
-60
-61
-61
-46
-61
-61
-45
-61
-61
-60
-60
-72
-72
-59
-61
-72
-72
-59
-60
-77
-76
-61
-62
-61
-61
-61
-62
-71
-72
-61
-61
-71
-72
-61
-61
-60
-60
-61
-70
-70
-61
-60
-71
-71
-60
-61
-59
-60
-61
-61
-46
-59
-60
-72
-72
-46
-73
-73
-61
-60
-60
-72
-73
-60
-60
-77
-78
-43
-61
-62
-60
-60
-61
-61
-72
-72
-61
-60
-44
-81
-79
-62
-62
-73
-73
-62
-61
-74
-73
-61
-62
-60
-60
-60
-61
-72
-74
-61
-62
-72
-74
-60
-76
-77
-59
-59
-65
-65
-80
-79
-64
-64
-59
-60
-84
-79
-59
-64
-64
-59
-59
-77
-76
-59
-59
-64
-59
-59
-49
-59
-59
-49
-59
-59
-75
-75
-78
-77
-49
-59
-59
-64
-77
-76
-58
-59
-65
-64
-59
-59
-64
-65
-59
-60
-64
-64
-78
-76
-59
-59
-63
-64
-43
-64
-64
-60
-60
-64
-64
-79
-79
-64
-64
-60
-59
-63
-64
-78
-77
-42
-49
-76
-75
-43
-75
-74
-76
-76
-59
-59
-63
-64
-59
-59
-63
-64
-59
-59
-74
-75
-64
-64
-43
-74
-74
-64
-64
-59
-59
-63
-64
-76
-79
-63
-63
-79
-78
-59
-59
-63
-74
-74
-78
-75
-42
-64
-64
-59
-77
-77
-59
-59
-60
-59
-59
-74
-73
-74
-73
-63
-65
-64
-65
-73
-59
-75
-75
-65
-65
-59
-59
-64
-65
-43
-65
-65
-43
-77
-77
