-67
-67
-61
-62
-68
-67
-61
-61
-49
-65
-66
-49
-62
-62
-62
-62
-62
-62
-58
-60
-66
-66
-59
-60
-65
-65
-62
-62
-62
-62
-65
-65
-58
-60
-62
-62
-60
-66
-65
-66
-65
-66
-66
-61
-62
-66
-66
-66
-66
-59
-60
-47
-50
-62
-62
-59
-59
-50
-58
-60
-61
-62
-67
-67
-47
-44
-52
-47
-58
-59
-65
-65
-44
-66
-66
-44
-66
-65
-59
-60
-50
-58
-59
-62
-63
-50
-63
-65
-68
-67
-63
-64
-62
-63
-58
-59
-53
-48
-55
-58
-58
-68
-69
-58
-55
-53
-57
-58
-68
-69
-57
-58
-53
-64
-64
-63
-64
-57
-58
-70
-71
-43
-54
-63
-64
-63
-64
-43
-54
-58
-58
-71
-71
-64
-64
-58
-58
-64
-64
-64
-64
-72
-72
-43
-71
-72
-64
-64
-72
-72
-64
-63
-69
-69
-48
-52
-54
-69
-69
-57
-58
-62
-63
-53
-43
-70
-71
-43
-65
-66
-57
-59
-51
-59
-59
-64
-65
-44
-65
-65
-62
-63
-43
-62
-62
-68
-68
-57
-59
-69
-69
-46
-57
-58
-61
-61
-54
-57
-58
-68
-69
-57
-67
-68
-48
-60
-62
-69
-69
-59
-60
-65
-65
-59
-61
-63
-64
-59
-61
-64
-64
-62
-62
-62
-62
-63
-64
-65
-65
-63
-65
-65
-65
-58
-59
-50
-58
-58
-64
-66
-58
-59
-63
-65
-58
-59
-49
-58
-59
-64
-65
-59
-59
-64
-64
-59
-59
-65
-64
-65
-65
-44
-65
-64
-59
-59
-65
-65
-57
-59
-65
-64
-64
-64
-58
-58
-66
-66
-49
-58
-59
-65
-65
-63
-64
-44
-59
-58
-59
-59
-57
-59
-50
-59
-59
-64
-64
-43
-48
-57
-59
-63
-64
-64
-65
-58
-63
-64
-59
-59
-65
-65
-63
-64
-49
-58
-60
-50
-64
-64
-44
-44
-63
-64
-59
-59
-47
-65
-65
-63
-63
-57
-59
-64
-65
-62
-64
-64
-64
-43
-66
-66
-44
-62
-64
-64
-64
-64
-64
-64
-64
-63
-65
-49
-58
-59
-64
-64
-64
-64
-48
-63
-63
-66
-66
-51
-50
-63
-64
-63
-64
-66
-67
-50
-66
-66
-49
-64
-65
-59
-43
-50
-58
-65
-65
-43
-64
-64
-64
-64
-47
-59
-59
-65
-65
-47
-43
-64
-64
-64
-65
-57
-59
-65
-65
-49
-58
-50
-59
-59
-51
-44
-63
-64
-51
-64
-65
-58
-58
-66
-66
-58
-59
-66
-66
-58
-59
-65
-66
-57
-65
-65
-64
-65
-43
-64
-65
-64
-64
-58
-58
-63
-64
-58
-63
-64
-43
-63
-64
-58
-58
-55
-64
-64
-49
-47
-54
-63
-65
-65
-65
-57
-64
-64
-65
-65
-57
-56
-57
-66
-66
-57
-58
-58
-58
-62
-64
-64
-64
-57
-57
-65
-66
-46
-49
-66
-66
-64
-65
-66
-66
-57
-58
-64
-65
-65
-65
-49
-64
-64
-56
-57
-65
-65
-45
-64
-65
-57
-57
-49
-56
-57
-57
-65
-66
-65
-65
-65
-65
-64
-64
-64
-64
-46
-49
-53
-55
-57
-64
-64
-57
-57
-63
-64
-63
-64
-64
-64
-62
-62
-63
-64
-56
-57
-63
-64
-60
-62
-57
-57
-62
-62
-60
-62
-56
-58
-57
-57
-62
-63
-62
-64
-57
-57
-62
-63
-62
-64
-62
-63
-56
-57
-50
-57
-64
-65
-62
-63
-65
-65
-47
-49
-61
-61
-67
-67
-60
-57
-59
-68
-68
-58
-60
-70
-70
-63
-63
-63
-64
-54
-67
-67
-64
-64
-60
-63
-63
-64
-64
-63
-64
-65
-65
-66
-66
-65
-65
-63
-63
-43
-63
-64
-58
-58
-63
-63
-62
-62
-65
-66
-58
-60
-67
-68
-64
-64
-62
-62
-62
-62
-62
-60
-60
-63
-63
-60
-63
-64
-74
-62
-61
-64
-64
-46
-71
-70
-47
-48
-55
-66
-66
-47
-52
-58
-58
-67
-67
-46
-67
-67
-46
-65
-65
-49
-50
-48
-68
-68
-69
-69
-44
-68
-68
-66
-66
-59
-60
-60
-60
-70
-70
-67
-69
-62
-63
-60
-60
-45
-61
-60
-60
-59
-60
-64
-64
-46
-59
-59
-63
-65
-46
-62
-62
-67
-67
-61
-61
-47
-60
-61
-62
-63
-62
-62
-59
-59
-65
-66
-58
-59
-61
-61
-42
-61
-61
-42
-65
-67
-46
-45
-64
-66
-65
-67
-60
-61
-67
-67
-60
-60
-67
-68
-59
-59
-47
-62
-63
-59
-59
-60
-61
-43
-68
-68
-46
-56
-57
-58
-61
-63
-63
-65
-64
-66
-67
-67
-65
-65
-67
-68
-69
-69
-47
-69
-69
-57
-58
-61
-62
-58
-58
-67
-67
-58
-59
-67
-67
-50
-66
-67
-60
-60
-63
-63
-70
-71
-59
-60
-68
-68
-59
-60
-48
-61
-61
-61
-61
-61
-61
-69
-70
-60
-60
-69
-70
-59
-60
-66
-65
-47
-48
-67
-66
-63
-63
-57
-58
-48
-57
-57
-47
-55
-57
-45
-68
-68
-56
-56
-65
-65
-64
-65
-71
-71
-64
-65
-57
-57
-66
-65
-56
-57
-66
-66
-57
-56
-52
-57
-57
-69
-70
-62
-63
-57
-45
-56
-57
-71
-71
-56
-57
-54
-60
-61
-53
-57
-69
-69
-61
-61
-78
-79
-58
-60
-57
-58
-57
-58
-58
-47
-58
-64
-64
-48
-54
-69
-69
-46
-71
-72
-56
-56
-63
-63
-62
-62
-71
-71
-56
-56
-56
-61
-61
-62
-62
-46
-72
-73
-57
-57
-72
-71
-57
-57
-61
-61
-72
-71
-57
-71
-70
-57
-58
-54
-58
-55
-57
-55
-46
-68
-69
-45
-54
-70
-46
-64
-41
-60
-61
-46
-46
-57
-72
-72
-56
-57
-70
-70
-57
-57
-70
-70
-55
-69
-69
-56
-57
-54
-59
-61
-71
-71
-56
-59
-59
-42
-60
-60
-77
-77
-60
-61
-56
-59
-60
-61
-62
-71
-72
-55
-69
-69
-62
-62
-67
-69
-61
-61
-70
-70
-56
-57
-70
-70
-56
-46
-60
-61
-56
-69
-71
-46
-50
-47
-71
-71
-60
-61
-56
-56
-61
-62
-56
-56
-55
-71
-72
-71
-71
-55
-56
-71
-71
-55
-57
-72
-72
-61
-61
-56
-61
-62
-62
-62
-56
-56
-46
-70
-71
-62
-62
-72
-72
-56
-56
-68
-69
-56
-56
-46
-61
-62
-61
-62
-56
-56
-70
-70
-57
-57
-61
-62
-70
-70
-56
-57
-63
-63
-71
-71
-61
-47
-58
-56
-58
-72
-72
-47
-62
-62
-59
-73
-73
-56
-55
-63
-68
-69
-57
-54
-49
-70
-70
-58
-58
-71
-71
-46
-58
-58
-58
-58
-46
-57
-58
-54
-57
-70
-47
-77
-61
-61
-67
-69
-63
-63
-70
-70
-46
-57
-58
-57
-68
-69
-62
-63
-73
-71
-58
-59
-62
-63
-58
-58
-61
-62
-43
-68
-68
-57
-57
-62
-62
-72
-72
-56
-58
-60
-61
-56
-57
-68
-69
-62
-62
-72
-72
-69
-70
-57
-58
-57
-47
-61
-61
-58
-58
-61
-60
-55
-60
-62
-60
-61
-56
-70
-70
-61
-61
-59
-60
-46
-72
-71
-60
-60
-58
-58
-72
-72
-58
-58
-70
-50
-62
-62
-46
-62
-63
-58
-59
-66
-66
-66
-67
-58
-59
-60
-61
-57
-58
-57
-58
-49
-65
-65
-65
-67
-51
-62
-62
-59
-61
-48
-62
-63
-66
-67
-61
-61
-49
-62
-62
-48
-61
-61
-71
-71
-64
-65
-59
-59
-65
-67
-50
-65
-64
-64
-60
-61
-61
-61
-62
-57
-61
-63
-62
-62
-62
-63
-56
-58
-43
-41
-50
-50
-56
-57
-58
-59
-58
-58
-47
-57
-58
-50
-61
-61
-56
-47
-56
-71
-71
-57
-56
-57
-63
-63
-45
-65
-66
-46
-57
-58
-47
-56
-56
-59
-61
-64
-64
-56
-56
-60
-61
-45
-55
-47
-63
-63
-52
-58
-66
-66
-44
-46
-57
-57
-50
-61
-62
-64
-65
-53
-62
-62
-60
-61
-56
-58
-59
-59
-61
-61
-64
-63
-57
-57
-48
-55
-56
-63
-63
-58
-63
-65
-65
-59
-61
-61
-62
-62
-56
-57
-61
-61
-45
-61
-61
-61
-60
-63
-62
-60
-61
-60
-62
-61
-61
-62
-62
-61
-62
-43
-44
-62
-63
-60
-61
-61
-61
-62
-62
-61
-62
-46
-44
-64
-64
-63
-63
-67
-67
-49
-64
-64
-58
-59
-63
-63
-56
-56
-45
-65
-66
-56
-44
-39
-53
-41
-47
-54
-55
-61
-61
-65
-66
-44
-61
-63
-58
-59
-62
-63
-61
-61
-59
-59
-62
-63
-56
-56
-62
-63
-61
-61
-55
-57
-61
-62
-56
-56
-67
-67
-56
-57
-60
-62
-45
-57
-58
-63
-62
-57
-59
-59
-60
-61
-59
-59
-51
-47
-45
-61
-62
-44
-56
-67
-67
-69
-63
-63
-65
-62
-62
-49
-63
-64
-66
-67
-67
-67
-50
-71
-71
-70
-71
-46
-67
-67
-64
-64
-67
-69
-47
-45
-58
-59
-62
-62
-45
-67
-61
-62
-61
-61
-61
-43
-60
-60
-60
-60
-60
-62
-57
-51
-47
-64
-64
-45
-63
-44
-59
-66
-66
-76
-76
-57
-57
-70
-70
-43
-47
-58
-65
-65
-47
-57
-61
-62
-68
-69
-63
-63
-66
-66
-46
-67
-69
-73
-73
-56
-57
-77
-77
-57
-57
-47
-58
-57
-58
-73
-73
-74
-73
-67
-67
-53
-70
-69
-44
-72
-72
-59
-59
-74
-75
-64
-65
-74
-75
-60
-61
-66
-66
-64
-65
-48
-77
-78
-51
-68
-69
-59
-51
-64
-62
-63
-66
-66
-65
-65
-67
-58
-58
-65
-64
-68
-70
-70
-70
-50
-45
-65
-65
-58
-59
-66
-66
-60
-49
-62
-62
-47
-62
-63
-50
-64
-65
-62
-63
-62
-64
-71
-70
-49
-50
-62
-63
-60
-61
-66
-66
-64
-63
-71
-72
-62
-62
-68
-69
-66
-67
-45
-62
-62
-59
-59
-50
-59
-60
-48
-62
-62
-45
-64
-65
-57
-58
-64
-64
-59
-60
-52
-63
-62
-75
-75
-56
-69
-70
-59
-65
-65
-72
-72
-61
-61
-58
-58
-44
-56
-56
-66
-66
-56
-57
-63
-64
-59
-60
-44
-41
-58
-62
-62
-59
-59
-39
-59
-59
-59
-59
-61
-61
-84
-83
-58
-58
-60
-61
-56
-57
-59
-59
-79
-78
-60
-60
-62
-62
-61
-61
-47
-44
-47
-60
-60
-60
-64
-65
-59
-61
-61
-58
-62
-62
-58
-62
-61
-44
-67
-67
-60
-60
-70
-70
-68
-69
-48
-67
-68
-61
-61
-65
-65
-43
-69
-69
-62
-62
-45
-62
-62
-63
-46
-55
-56
-64
-65
-69
-66
-66
-65
-63
-55
-55
-48
-54
-54
-62
-62
-55
-55
-63
-63
-54
-54
-67
-67
-64
-64
-55
-54
-64
-63
-55
-45
-67
-67
-53
-57
-57
-45
-68
-68
-47
-61
-62
-57
-58
-45
-56
-62
-62
-44
-57
-45
-62
-42
-61
-61
-55
-58
-49
-45
-60
-66
-66
-59
-60
-65
-66
-61
-54
-54
-62
-62
-62
-63
-55
-55
-59
-59
-71
-71
-55
-71
-72
-49
-73
-74
-65
-65
-56
-57
-57
-75
-76
-41
-56
-56
-81
-63
-63
-75
-75
-60
-61
-57
-58
-66
-67
-59
-45
-69
-56
-57
-66
-66
-60
-61
-65
-65
-62
-71
-72
-62
-62
-54
-55
-47
-47
-49
-63
-62
-65
-65
-60
-60
-66
-66
-71
-72
-46
-61
-70
-70
-63
-64
-69
-70
-42
-61
-61
-45
-60
-60
-60
-60
-58
-62
-62
-50
-59
-61
-49
-64
-66
-63
-64
-57
-58
-60
-60
-64
-65
-45
-62
-62
-59
-58
-47
-49
-47
-50
-59
-59
-60
-60
-55
-47
-60
-62
-76
-75
-49
-57
-57
-59
-60
-47
-56
-58
-63
-63
-59
-60
-60
-60
