-60
-58
-58
-45
-47
-58
-60
-60
-75
-76
-57
-58
-62
-77
-77
-60
-60
-57
-58
-45
-45
-58
-79
-77
-60
-60
-80
-81
-42
-79
-80
-59
-60
-63
-78
-77
-58
-61
-60
-61
-81
-82
-60
-60
-59
-60
-83
-81
-45
-58
-58
-45
-81
-80
-60
-60
-80
-81
-60
-61
-83
-82
-57
-58
-60
-60
-58
-58
-60
-60
-58
-58
-77
-78
-48
-59
-60
-57
-60
-64
-59
-60
-77
-78
-60
-60
-58
-58
-59
-60
-78
-77
-55
-77
-76
-58
-58
-57
-59
-61
-58
-58
-42
-59
-60
-60
-60
-58
-58
-60
-60
-57
-58
-61
-79
-78
-59
-60
-76
-76
-57
-58
-59
-47
-77
-78
-45
-59
-60
-76
-76
-43
-60
-61
-75
-76
-77
-77
-58
-77
-78
-57
-45
-75
-76
-43
-76
-76
-47
-62
-77
-47
-75
-76
-56
-58
-59
-60
-60
-60
-60
-45
-59
-60
-77
-76
-61
-60
-60
-76
-76
-57
-58
-45
-43
-68
-58
-88
-60
-60
-75
-42
-59
-59
-43
-60
-60
-57
-58
-60
-60
-83
-84
-45
-45
-41
-57
-59
-60
-47
-82
-81
-55
-58
-57
-58
-61
-61
-57
-58
-59
-61
-47
-61
-61
-57
-58
-60
-62
-47
-61
-62
-61
-61
-57
-77
-76
-78
-78
-56
-58
-61
-61
-57
-60
-61
-56
-58
-66
-56
-57
-63
-46
-78
-78
-56
-78
-77
-46
-80
-78
-58
-58
-60
-61
-56
-60
-60
-61
-61
-59
-61
-79
-78
-61
-61
-58
-78
-78
-61
-61
-78
-77
-47
-46
-56
-78
-77
-46
-61
-56
-76
-75
-46
-66
-56
-58
-60
-61
-77
-77
-47
-77
-77
-46
-76
-76
-61
-61
-62
-58
-58
-61
-61
-61
-61
-61
-61
-56
-58
-46
-46
-77
-77
-56
-58
-61
-78
-78
-58
-58
-60
-61
-58
-58
-61
-61
-57
-58
-74
-75
-46
-74
-75
-57
-76
-76
-57
-58
-62
-57
-58
-61
-61
-57
-58
-76
-76
-47
-58
-58
-60
-61
-47
-77
-57
-58
-62
-56
-58
-77
-77
-47
-63
-46
-68
-42
-60
-62
-47
-77
-79
-62
-62
-79
-78
-61
-62
-78
-78
-61
-62
-46
-46
-62
-62
-77
-78
-61
-62
-76
-78
-42
-77
-77
-46
-75
-76
-61
-62
-76
-76
-57
-58
-77
-78
-63
-56
-58
-62
-62
-80
-79
-62
-62
-80
-79
-58
-58
-80
-81
-58
-81
-81
-60
-61
-45
-77
-76
-88
-84
-56
-57
-81
-80
-60
-60
-58
-58
-60
-61
-60
-61
-43
-69
-58
-58
-81
-83
-83
-84
-59
-60
-57
-58
-83
-79
-43
-58
-58
-88
-88
-58
-84
-85
-58
-43
-44
-80
-82
-58
-59
-58
-58
-44
-58
-59
-57
-77
-79
-47
-76
-57
-58
-59
-59
-67
-58
-58
-81
-81
-57
-58
-64
-59
-59
-43
-80
-80
-44
-80
-77
-58
-60
-59
-59
-58
-59
-59
-59
-83
-82
-47
-78
-79
-59
-59
-57
-59
-59
-43
-58
-44
-78
-83
-56
-57
-79
-83
-47
-67
-47
-43
-44
-58
-58
-57
-58
-88
-88
-58
-85
-86
-57
-82
-83
-57
-57
-82
-81
-47
-56
-58
-74
-56
-58
-58
-58
-58
-60
-83
-83
-58
-58
-84
-86
-58
-58
-60
-61
-79
-82
-46
-61
-61
-45
-58
-58
-60
-60
-60
-60
-45
-59
-60
-56
-59
-60
-45
-89
-58
-58
-60
-61
-57
-58
-85
-42
-82
-84
-58
-57
-58
-57
-58
-86
-80
-45
-45
-58
-58
-83
-85
-44
-60
-60
-58
-58
-57
-60
-81
-83
-59
-60
-58
-59
-78
-80
-60
-60
-78
-81
-57
-60
-80
-83
-58
-69
-58
-58
-57
-58
-45
-60
-59
-59
-61
-60
-60
-58
-58
-58
-58
-45
-59
-60
-82
-80
-60
-60
-59
-60
-47
-69
-57
-58
-60
-60
-58
-59
-45
-84
-82
-59
-60
-45
-59
-58
-64
-57
-58
-81
-59
-59
-79
-79
-59
-59
-60
-60
-44
-79
-79
-60
-60
-47
-44
-79
-80
-60
-60
-42
-60
-60
-82
-82
-58
-59
-60
-60
-57
-59
-58
-59
-81
-80
-57
-58
-83
-79
-58
-58
-59
-60
-58
-58
-45
-45
-58
-59
-57
-59
-80
-45
-84
-81
-57
-58
-57
-59
-58
-59
-59
-60
-43
-68
-59
-60
-58
-59
-80
-80
-58
-59
-82
-80
-57
-84
-58
-59
-60
-60
-59
-59
-60
-60
-81
-79
-58
-59
-85
-81
-45
-58
-58
-60
-60
-60
-60
-80
-80
-60
-60
-58
-59
-67
-45
-59
-60
-83
-80
-57
-59
-80
-81
-43
-66
-79
-57
-59
-89
-57
-58
-59
-60
-45
-43
-43
-80
-80
-80
-81
-57
-82
-43
-58
-60
-60
-84
-82
-60
-60
-81
-82
-57
-59
-59
-60
-57
-58
-58
-86
-83
-58
-58
-86
-60
-60
-58
-58
-45
-57
-58
-60
-60
-82
-57
-58
-60
-60
-45
-42
-60
-60
-73
-60
-60
-57
-58
-44
-58
-57
-59
-59
-60
-60
-60
-81
-82
-58
-59
-60
-60
-60
-60
-46
-60
-60
-59
-60
-54
-87
-88
-47
-60
-60
-57
-59
-58
-81
-82
-58
-58
-58
-58
-85
-83
-58
-60
-58
-58
-60
-60
-60
-60
-82
-81
-58
-60
-45
-58
-60
-44
-60
-57
-45
-60
-60
-57
-58
-44
-60
-60
-60
-60
-63
-58
-58
-60
-60
-60
-60
-58
-58
-57
-80
-83
-58
-58
-81
-81
-59
-60
-60
-60
-60
-60
-66
-57
-58
-60
-60
-58
-58
-60
-60
-69
-60
-60
-60
-60
-60
-60
-45
-47
-81
-81
-58
-58
-58
-58
-85
-85
-43
-60
-60
-60
-60
-43
-68
-47
-81
-81
-57
-58
-60
-60
-58
-58
-59
-60
-60
-60
-60
-60
-58
-58
-43
-59
-60
-80
-80
-60
-60
-58
-81
-82
-48
-60
-60
-58
-58
-80
-84
-47
-60
-60
-66
-57
-58
-66
-58
-69
-79
-58
-58
-60
-60
-58
-58
-60
-60
-44
-60
-60
-60
-60
-58
-58
-60
-60
-57
-46
-81
-80
-57
-78
-78
-58
-81
-81
-60
-60
-69
-60
-60
-45
-47
-60
-60
-82
-79
-60
-60
-78
-80
-57
-58
-81
-79
-79
-78
-58
-58
-80
-80
-60
-60
-60
-60
-77
-78
-60
-60
-79
-78
-47
-59
-60
-78
-78
-58
-58
-78
-78
-58
-58
-78
-79
-58
-58
-66
-45
-65
-44
-58
-58
-60
-60
-78
-78
-60
-60
-43
-60
-60
-57
-58
-60
-60
-80
-79
-58
-58
-80
-78
-58
-58
-59
-60
-77
-78
-43
-60
-60
-60
-60
-57
-58
-60
-60
-77
-78
-47
-77
-77
-58
-59
-60
-60
-57
-57
-45
-78
-77
-58
-58
-78
-78
-60
-60
-81
-81
-58
-58
-68
-47
-60
-60
-58
-59
-79
-79
-48
-60
-60
-57
-58
-59
-60
-47
-47
-59
-60
-58
-59
-60
-58
-58
-58
-58
-77
-77
-43
-78
-78
-58
-58
-81
-79
-47
-59
-60
-43
-60
-60
-80
-79
-57
-59
-79
-79
-60
-60
-59
-60
-60
-60
-78
-77
-43
-79
-77
-58
-60
-60
-58
-58
-79
-79
-60
-60
-81
-79
-58
-58
-78
-77
-57
-58
-59
-60
-79
-78
-45
-58
-58
-60
-60
-57
-58
-60
-60
-80
-77
-44
-57
-59
-80
-78
-56
-60
-77
-77
-47
-60
-60
-58
-59
-60
-77
-77
-60
-60
-45
-79
-77
-57
-58
-78
-77
-58
-69
-60
-60
-43
-60
-60
-58
-60
-79
-57
-58
-78
-77
-57
-58
-79
-79
-60
-60
-82
-79
-60
-60
-79
-78
-58
-60
-60
-57
-58
-78
-78
-60
-60
-58
-58
-60
-60
-83
-79
-65
-60
-60
-77
-78
-45
-64
-58
-58
-58
-59
-58
-58
-60
-60
-78
-79
-81
-78
-60
-60
-66
-58
-58
-79
-81
-58
-58
-81
-79
-47
-78
-78
-58
-58
-45
-57
-58
-45
-80
-78
-80
-80
-45
-57
-58
-62
-45
-43
-60
-60
-57
-58
-79
-79
-43
-60
-60
-60
-60
-79
-79
-60
-60
-58
-58
-44
-60
-60
-60
-58
-58
-76
-75
-45
-80
-77
-60
-60
-59
-60
-80
-78
-57
-59
-61
-57
-60
-60
-57
-58
-76
-76
-58
-59
-60
-58
-58
-45
-43
-60
-60
-78
-79
-60
-60
-60
-60
-80
-83
-60
-60
-66
-59
-60
-58
-58
-45
-69
-45
-79
-79
-47
-58
-58
-81
-85
-59
-60
-59
-60
-60
-43
-59
-60
-82
-83
-45
-76
-76
-60
-61
-59
-59
-61
-63
-44
-63
-63
-61
-61
-75
-74
-46
-64
-64
-64
-64
-73
-74
-60
-62
-64
-46
-61
-60
-61
-72
-72
-48
-74
-73
-45
-73
-73
-62
-63
-61
-61
-48
-75
-73
-48
-73
-72
-48
-63
-60
-61
-73
-74
-61
-62
-62
-63
-61
-61
-48
-60
-74
-73
-61
-61
-58
-60
-61
-63
-64
-62
-63
-62
-63
-61
-62
-72
-73
-60
-61
-59
-60
-62
-60
-73
-73
-60
-61
-63
-63
-72
-57
-59
-72
-57
-58
-47
-48
-63
-57
-59
-81
-82
-57
-63
-63
-69
-58
-59
-59
-59
-63
-63
-81
-80
-47
-58
-58
-47
-44
-47
-84
-82
-43
-62
-63
-57
-59
-62
-63
-79
-78
-57
-58
-83
-82
-58
-58
-62
-63
-79
-78
-57
-58
-79
-79
-47
-47
-82
-82
-47
-77
-82
-58
-58
-58
-63
-63
-63
-62
-60
-63
-58
-58
-62
-63
-58
-47
-66
-48
-79
-79
-58
-58
-62
-63
-60
-63
-58
-58
-62
-62
-47
-62
-63
-79
-82
-63
-63
-63
-58
-59
-70
-48
-59
-59
-80
-47
-62
-63
-62
-62
-58
-58
-62
-62
-58
-58
-80
-78
-62
-62
-58
-62
-62
-62
-47
-78
-78
-57
-78
-80
-58
-58
-47
-58
-61
-62
-57
-58
-82
-83
-62
-63
-79
-81
-63
-63
-63
-63
-57
-59
-63
-63
-58
-58
-63
-63
-58
-59
-76
-76
-59
-59
-63
-65
-60
-64
-64
-46
-64
-64
-60
-64
-64
-74
-74
-62
-64
-48
-73
-73
-63
-64
-62
-63
-73
-73
-59
-60
-59
-59
-60
-74
-75
-60
-60
-59
-59
-60
-63
-63
-45
-76
-75
-60
-60
-58
-59
-60
-62
-64
-60
-61
-75
-75
-73
-73
-62
-64
-73
-73
-63
-63
-48
-45
-48
-60
-74
-74
-59
-60
-73
-73
-60
-73
-73
-60
-63
-64
-48
-60
-60
-74
-74
-59
-60
-75
-74
-63
-64
-45
-73
-45
-59
-74
-60
-60
-60
-74
-75
-45
-58
-60
-60
-74
-74
-47
-74
-74
-45
-48
-60
-60
-74
-73
-60
-60
-62
-63
-74
-73
-63
-63
-59
-48
-63
-63
-58
-45
-58
-60
-60
-74
-75
-60
-75
-75
-59
-75
-74
-60
-60
-74
-73
-60
-60
-73
-73
-63
-63
-59
-48
-74
-74
-63
-64
-63
-64
-59
-60
-63
-64
-74
-74
-63
-64
-74
-74
-60
-60
-74
-74
-74
-74
-63
-64
-63
-64
-60
-60
-63
-63
-60
-60
-63
-64
-45
-74
-75
-45
-73
-73
-45
-75
-75
-59
-60
-73
-73
-60
-60
-60
-60
-60
-59
-73
-63
-64
-74
-74
-60
-61
-74
-74
-60
-60
-63
-63
-60
-60
-74
-74
-60
-63
-60
-60
-60
-60
-59
-60
-73
-73
-62
-64
-73
-73
-60
-60
-73
-73
-60
-60
-75
-75
-45
-60
-60
-60
-75
-75
-63
-64
-45
-48
-59
-60
-75
-74
-63
-64
-75
-75
-48
-74
-74
-63
-64
-73
-73
-45
-64
-64
-74
-74
-63
-63
-74
-73
-59
-60
-58
-75
-74
-63
-64
-73
-73
-63
-64
