-63
-63
-62
-63
-63
-63
-84
-82
-66
-68
-62
-63
-53
-61
-63
-54
-62
-63
-47
-84
-84
-62
-63
-67
-67
-61
-62
-53
-66
-62
-62
-89
-89
-79
-79
-61
-61
-80
-79
-46
-63
-63
-85
-69
-69
-67
-61
-61
-68
-69
-75
-76
-67
-68
-69
-56
-71
-80
-79
-66
-67
-61
-62
-69
-71
-60
-61
-71
-72
-73
-73
-67
-78
-78
-69
-71
-76
-77
-67
-69
-52
-57
-68
-70
-49
-70
-71
-76
-76
-71
-71
-47
-62
-63
-81
-80
-60
-61
-69
-50
-80
-79
-51
-53
-73
-71
-69
-71
-54
-72
-70
-54
-60
-72
-47
-78
-77
-47
-61
-62
-61
-54
-60
-62
-63
-68
-62
-63
-66
-61
-61
-72
-73
-69
-69
-73
-75
-69
-63
-64
-70
-71
-71
-62
-62
-68
-69
-72
-72
-68
-70
-77
-76
-70
-71
-55
-72
-72
-72
-71
-47
-86
-69
-69
-79
-79
-72
-72
-58
-70
-71
-69
-70
-71
-71
-78
-61
-61
-73
-73
-46
-68
-59
-60
-55
-61
-61
-66
-66
-71
-72
-67
-67
-62
-63
-66
-61
-61
-62
-62
-62
-63
-68
-68
-62
-62
-62
-83
-81
-54
-81
-81
-53
-52
-73
-72
-61
-63
-59
-69
-45
-61
-62
-67
-67
-79
-77
-66
-67
-74
-75
-67
-75
-76
-52
-78
-79
-63
-62
-77
-77
-61
-62
-65
-65
-76
-76
-66
-68
-46
-68
-69
-53
-75
-60
-61
-77
-78
-62
-60
-61
-46
-81
-81
-47
-61
-61
-83
-81
-62
-62
-68
-69
-53
-59
-61
-66
-67
-66
-60
-60
-68
-69
-75
-75
-66
-66
-63
-63
-49
-62
-63
-50
-77
-79
-66
-47
-77
-78
-65
-67
-77
-77
-52
-62
-63
-66
-68
-63
-63
-63
-53
-61
-63
-62
-62
-81
-84
-65
-65
-82
-89
-67
-67
-61
-62
-63
-64
-77
-77
-49
-83
-85
-63
-63
-60
-62
-63
-60
-68
-69
-75
-75
-47
-72
-73
-52
-62
-63
-58
-61
-77
-65
-61
-63
-67
-61
-61
-66
-47
-62
-62
-62
-62
-52
-61
-62
-57
-60
-61
-66
-66
-72
-72
-66
-67
-65
-67
-73
-73
-67
-67
-58
-57
-66
-67
-74
-73
-63
-63
-77
-77
-60
-61
-76
-75
-63
-63
-79
-78
-67
-67
-62
-63
-71
-77
-77
-50
-81
-82
-69
-65
-69
-69
-61
-63
-61
-61
-59
-61
-68
-69
-79
-79
-66
-67
-66
-67
-82
-80
-65
-62
-65
-67
-84
-84
-60
-61
-63
-61
-61
-65
-66
-82
-77
-68
-68
-60
-61
-68
-78
-78
-82
-79
-62
-62
-77
-47
-82
-83
-66
-80
-82
-69
-69
-53
-61
-61
-53
-59
-53
-81
-81
-60
-62
-60
-62
-69
-69
-61
-62
-61
-62
-81
-80
-68
-68
-67
-69
-71
-68
-70
-67
-80
-68
-69
-82
-80
-71
-71
-87
-83
-83
-66
-67
-84
-82
-61
-62
-65
-61
-62
-62
-62
-65
-61
-62
-62
-61
-62
-63
-62
-52
-62
-62
-66
-66
-61
-63
-65
-66
-76
-77
-66
-61
-65
-66
-46
-51
-62
-62
-65
-66
-75
-79
-62
-62
-80
-82
-67
-67
-64
-60
-61
-65
-51
-61
-61
-78
-81
-62
-62
-64
-66
-80
-79
-65
-66
-47
-66
-62
-62
-47
-52
-47
-71
-66
-86
-84
-47
-82
-83
-56
-68
-84
-83
-61
-62
-81
-81
-80
-80
-62
-62
-67
-67
-78
-67
-67
-82
-82
-67
-67
-85
-83
-67
-68
-85
-83
-61
-62
-61
-62
-60
-62
-62
-62
-85
-83
-63
-62
-70
-66
-84
-83
-66
-67
-85
-83
-66
-67
-81
-82
-67
-67
-46
-66
-67
-83
-84
-75
-61
-62
-83
-83
-62
-63
-47
-87
-83
-68
-67
-57
-62
-62
-61
-62
-52
-47
-66
-67
-83
-82
-70
-66
-67
-52
-61
-62
-83
-81
-52
-85
-81
-67
-67
-62
-62
-67
-80
-82
-46
-82
-81
-66
-62
-62
-67
-67
-47
-67
-67
-62
-63
-52
-88
-85
-83
-52
-67
-60
-62
-62
-62
-88
-83
-67
-67
-62
-62
-81
-82
-52
-84
-82
-74
-60
-66
-61
-62
-68
-68
-74
-62
-62
-60
-62
-83
-82
-80
-82
-60
-62
-62
-62
-69
-67
-67
-67
-67
-68
-62
-62
-67
-67
-81
-80
-67
-67
-46
-67
-67
-67
-60
-62
-67
-46
-61
-62
-67
-67
-68
-67
-67
-79
-80
-46
-52
-62
-61
-67
-68
-62
-62
-79
-80
-47
-80
-80
-66
-68
-61
-63
-67
-47
-82
-81
-47
-47
-62
-62
-70
-61
-62
-52
-68
-52
-83
-82
-81
-80
-66
-68
-80
-80
-68
-66
-68
-62
-61
-67
-81
-79
-66
-68
-62
-62
-65
-68
-68
-51
-80
-81
-52
-80
-62
-62
-61
-62
-51
-62
-62
-79
-81
-62
-62
-62
-82
-81
-52
-66
-66
-61
-62
-85
-83
-62
-63
-66
-66
-62
-62
-65
-67
-79
-81
-65
-65
-80
-80
-62
-62
-66
-67
-74
-65
-67
-81
-81
-61
-62
-61
-62
-47
-84
-82
-66
-67
-82
-80
-61
-62
-79
-80
-61
-62
-71
-62
-62
-60
-62
-79
-80
-62
-62
-82
-81
-61
-62
-83
-83
-51
-62
-62
-52
-62
-62
-67
-67
-62
-62
-67
-62
-62
-62
-62
-68
-66
-67
-61
-61
-62
-62
-82
-81
-46
-79
-80
-62
-62
-52
-46
-78
-80
-47
-67
-61
-62
-51
-64
-65
-67
-80
-79
-52
-62
-51
-63
-62
-67
-47
-67
-47
-63
-62
-66
-76
-76
-68
-68
-80
-79
-66
-67
-62
-47
-61
-62
-67
-68
-61
-62
-52
-67
-68
-64
-61
-61
-80
-84
-61
-62
-80
-82
-68
-68
-47
-79
-85
-63
-63
-67
-67
-84
-83
-53
-62
-63
-68
-68
-52
-67
-88
-85
-53
-46
-80
-83
-68
-46
-68
-61
-62
-69
-81
-67
-78
-77
-66
-69
-66
-54
-67
-68
-68
-62
-63
-62
-62
-68
-69
-62
-62
-67
-68
-62
-63
-53
-47
-81
-79
-53
-61
-81
-79
-54
-79
-78
-66
-74
-74
-53
-62
-62
-76
-76
-51
-60
-61
-67
-61
-61
-50
-65
-64
-85
-85
-66
-75
-73
-64
-62
-74
-74
-46
-68
-69
-60
-61
-69
-69
-60
-60
-80
-84
-64
-65
-85
-87
-66
-67
-77
-77
-77
-78
-67
-67
-69
-68
-70
-82
-81
-69
-69
-79
-79
-68
-69
-85
-83
-65
-67
-81
-82
-68
-46
-80
-85
-61
-62
-80
-76
-74
-73
-66
-67
-61
-62
-76
-75
-71
-71
-69
-48
-45
-53
-77
-77
-69
-69
-81
-80
-51
-90
-60
-61
-60
-62
-62
-63
-80
-81
-46
-77
-77
-69
-86
-89
-68
-69
-60
-60
-53
-61
-61
-61
-61
-82
-82
-70
-71
-82
-82
-55
-81
-80
-55
-62
-63
-71
-61
-61
-61
-63
-55
-46
-67
-68
-69
-69
-70
-89
-89
-62
-62
-69
-69
-62
-63
-86
-86
-61
-61
-69
-68
-61
-62
-79
-61
-62
-65
-67
-60
-62
-68
-69
-61
-62
-69
-70
-61
-62
-46
-84
-70
-70
-46
-54
-55
-79
-54
-62
-61
-70
-70
-69
-69
-91
-61
-62
-69
-69
-47
-86
-84
-68
-70
-89
-88
-70
-69
-60
-82
-84
-61
-62
-55
-71
-47
-83
-81
-47
-62
-63
-69
-71
-47
-62
-62
-81
-82
-61
-62
-84
-82
-61
-63
-70
-71
-86
-85
-70
-71
-62
-63
-70
-71
-82
-70
-72
-47
-70
-70
-66
-68
-62
-63
-54
-61
-63
-70
-47
-69
-70
-83
-79
-62
-64
-47
-62
-63
-67
-63
-63
-82
-63
-63
-79
-79
-62
-63
-66
-62
-69
-78
-77
-70
-70
-68
-70
-70
-62
-63
-67
-63
-64
-63
-63
-80
-78
-61
-62
-54
-70
-62
-63
-84
-80
-69
-79
-79
-54
-70
-54
-77
-61
-61
-68
-69
-63
-62
-67
-62
-62
-79
-80
-68
-69
-61
-62
-88
-62
-63
-72
-62
-63
-61
-62
-81
-69
-63
-64
-47
-70
-55
-63
-63
-69
-70
-68
-70
-69
-70
-61
-63
-62
-62
-69
-69
-53
-62
-62
-69
-69
-78
-83
-62
-62
-68
-68
-80
-79
-68
-69
-52
-61
-62
-68
-62
-62
-82
-81
-47
-47
-55
-80
-83
-61
-62
-62
-63
-63
-64
-82
-86
-68
-61
-62
-67
-83
-84
-47
-82
-63
-63
-66
-68
-62
-63
-62
-63
-79
-81
-63
-63
-83
-83
-68
-54
-68
-70
-90
-87
-61
-63
-84
-85
-67
-68
-69
-81
-81
-62
-63
-89
-86
-63
-64
-68
-63
-64
-62
-63
-70
-70
-69
-71
-61
-63
-65
-54
-92
-87
-63
-63
-61
-62
-55
-62
-62
-69
-69
-47
-53
-68
-69
-63
-64
-54
-83
-84
-68
-82
-68
-70
-54
-69
-61
-62
-66
-63
-63
-62
-63
-72
-54
-68
-53
-81
-81
-68
-87
-86
-63
-64
-90
-88
-79
-59
-64
-63
-69
-70
-63
-62
-71
-77
-80
-69
-69
-63
-70
-64
-70
-62
-63
-81
-78
-69
-70
-62
-63
-69
-62
-63
-79
-81
-52
-66
-69
-81
-84
-82
-83
-61
-62
-61
-62
-68
-61
-62
-47
-62
-62
-82
-83
-53
-68
-68
-62
-62
-62
-63
-67
-68
-67
-67
-67
-68
-89
-88
-52
-68
-46
-61
-62
-67
-67
-85
-84
-66
-60
-62
-46
-60
-62
-67
-67
-87
-61
-62
-65
-67
-66
-67
-52
-62
-62
-81
-82
-66
-83
-83
-66
-62
-64
-68
-80
-80
-62
-63
-80
-80
-63
-63
-62
-62
-67
-68
-83
-88
-67
-68
-86
-87
-68
-69
-87
-87
-63
-63
-68
-62
-63
-67
-68
-63
-63
-71
-47
-70
-69
-70
-85
-85
-70
-70
-47
-83
-85
-70
-87
-86
-68
-70
-48
-83
-79
-78
-63
-64
-64
-62
-63
-63
-70
-70
-62
-63
-62
-63
-70
-70
-83
-82
-68
-70
-78
-81
-63
-63
-70
-63
-63
-63
-63
-48
-54
-80
-84
-68
-69
-62
-63
-82
-82
-81
-83
-69
-69
-63
-63
-54
-69
-84
-84
-54
-63
-64
-68
-69
-81
-84
-62
-63
-85
-83
-67
-69
-62
-63
-84
-84
-69
-69
-62
-63
-68
-69
-82
-84
-69
-69
-87
-85
-69
-69
-82
-84
-69
-69
-62
-63
-68
-69
-83
-83
-62
-63
-71
-63
-64
-83
-84
-68
-69
-63
-64
-85
-84
-69
-69
-63
-63
-69
-70
-72
-69
-63
-64
-54
-69
-68
-69
-62
-63
-69
-62
-63
-67
-68
-69
-84
-85
-48
-63
-63
-68
-69
-74
-62
-63
-62
-63
-67
-89
-87
-63
-63
-69
-70
-65
-55
-77
-80
-48
-56
-48
-55
-65
-64
-67
-69
-63
-64
-63
-64
-63
-65
-58
-64
-64
-69
-63
-64
-68
-76
-75
-63
-63
-70
-59
-63
-63
-63
-63
-69
-70
-75
-74
-48
-62
-54
-77
-77
-69
-69
-75
-77
-72
-63
-70
-70
-47
-75
-63
-63
-84
-84
-64
-63
-67
-67
-47
-61
-63
-83
-84
-61
-86
-84
-65
-67
-62
-62
-86
-84
-63
-63
-85
-84
-87
-86
-63
-63
-75
-63
-63
-86
-87
-67
-67
-84
-52
-62
-62
-55
-76
-77
-66
-67
-62
-63
-66
-68
-62
-63
-66
-68
-80
-80
-52
-66
-80
-80
-83
-82
-52
-66
-67
-61
-63
-51
-62
-63
-52
-81
-81
-68
-61
-62
-67
-68
-57
-68
-69
-62
-62
-67
-67
-47
-52
-61
-73
-63
-63
-87
-87
-68
-68
-80
-79
-68
-68
-76
-76
-69
-61
-63
-62
-63
-68
-47
-68
-68
-48
-74
-75
-47
-60
