-74
-75
-59
-59
-78
-59
-59
-41
-64
-65
-58
-59
-80
-64
-65
-64
-65
-49
-58
-59
-74
-63
-65
-58
-59
-50
-74
-75
-70
-59
-59
-82
-58
-59
-82
-82
-59
-59
-78
-81
-70
-63
-64
-76
-78
-62
-64
-77
-63
-64
-63
-64
-48
-59
-59
-65
-65
-58
-59
-63
-65
-57
-59
-49
-43
-64
-65
-59
-59
-76
-57
-59
-58
-59
-50
-80
-80
-66
-65
-65
-66
-59
-59
-77
-78
-43
-58
-58
-65
-66
-65
-66
-66
-59
-59
-65
-65
-65
-65
-76
-77
-59
-60
-65
-65
-65
-65
-43
-65
-65
-42
-76
-78
-59
-60
-76
-78
-65
-65
-59
-60
-54
-77
-79
-65
-65
-78
-59
-60
-50
-43
-76
-58
-60
-65
-66
-60
-60
-64
-65
-59
-60
-76
-78
-59
-60
-59
-59
-65
-65
-78
-77
-64
-65
-76
-79
-59
-60
-65
-65
-59
-60
-65
-65
-50
-77
-81
-64
-65
-64
-66
-79
-78
-42
-60
-65
-65
-65
-49
-60
-60
-78
-60
-60
-65
-65
-65
-42
-76
-59
-59
-54
-64
-65
-60
-60
-77
-78
-77
-78
-65
-65
-62
-77
-76
-59
-59
-75
-77
-59
-59
-76
-78
-43
-75
-76
-60
-59
-75
-75
-63
-64
-64
-66
-49
-64
-63
-49
-66
-66
-59
-59
-70
-65
-65
-50
-60
-59
-59
-91
-64
-66
-86
-84
-67
-67
-74
-74
-69
-70
-80
-82
-73
-73
-65
-66
-74
-65
-72
-58
-59
-74
-74
-48
-42
-86
-89
-43
-83
-85
-62
-63
-45
-58
-58
-52
-60
-61
-61
-62
-59
-60
-88
-87
-62
-62
-68
-68
-59
-59
-63
-63
-69
-69
-63
-64
-60
-60
-73
-66
-67
-56
-55
-76
-78
-59
-59
-60
-60
-66
-67
-60
-61
-67
-69
-61
-61
-65
-65
-59
-61
-48
-61
-61
-64
-64
-57
-58
-67
-67
-61
-61
-58
-58
-76
-75
-43
-64
-66
-62
-62
-45
-61
-62
-72
-71
-44
-58
-59
-71
-71
-41
-73
-74
-50
-79
-78
-80
-82
-63
-64
-66
-67
-60
-60
-60
-60
-60
-70
-72
-67
-67
-60
-60
-71
-73
-60
-60
-74
-73
-61
-62
-60
-60
-65
-67
-60
-60
-60
-51
-72
-60
-60
-57
-60
-60
-58
-60
-60
-71
-73
-66
-66
-73
-74
-59
-60
-58
-64
-65
-60
-60
-64
-65
-72
-72
-64
-65
-57
-60
-60
-72
-74
-60
-60
-73
-60
-60
-72
-60
-60
-64
-66
-58
-65
-64
-66
-66
-60
-59
-60
-81
-78
-50
-44
-66
-66
-43
-50
-83
-59
-59
-86
-59
-59
-69
-59
-59
-66
-66
-50
-80
-65
-66
-65
-66
-65
-66
-59
-59
-51
-66
-66
-58
-60
-66
-66
-50
-59
-59
-66
-66
-66
-65
-59
-59
-89
-86
-59
-59
-56
-59
-50
-51
-59
-59
-55
-64
-66
-43
-82
-59
-59
-79
-83
-78
-66
-80
-59
-58
-64
-65
-59
-59
-65
-65
-59
-59
-65
-65
-59
-59
-64
-65
-59
-59
-88
-86
-58
-59
-64
-65
-58
-59
-64
-65
-86
-43
-76
-43
-84
-82
-43
-60
-59
-77
-78
-64
-65
-64
-64
-60
-60
-87
-86
-60
-60
-83
-66
-66
-67
-66
-66
-43
-66
-67
-59
-60
-60
-60
-89
-65
-66
-89
-91
-66
-66
-42
-89
-65
-67
-51
-66
-67
-67
-67
-58
-60
-67
-67
-77
-59
-60
-67
-67
-58
-60
-89
-65
-67
-89
-43
-92
-60
-60
-66
-66
-60
-59
-91
-90
-51
-60
-58
-51
-42
-89
-89
-59
-60
-88
-90
-43
-65
-67
-59
-60
-90
-43
-60
-60
-51
-59
-60
-67
-67
-67
-67
-60
-60
-87
-89
-60
-60
-88
-65
-66
-51
-74
-51
-67
-67
-65
-87
-86
-60
-60
-84
-85
-60
-60
-67
-67
-65
-67
-60
-60
-86
-51
-60
-60
-87
-89
-59
-60
-51
-60
-60
-84
-85
-43
-86
-67
-67
-67
-67
-66
-67
-84
-84
-60
-60
-85
-67
-67
-51
-60
-60
-86
-86
-65
-67
-74
-51
-76
-60
-60
-85
-84
-65
-67
-75
-66
-66
-85
-86
-60
-60
-67
-67
-44
-67
-67
-60
-60
-87
-66
-67
-85
-85
-60
-60
-85
-59
-60
-83
-52
-60
-60
-67
-67
-72
-72
-66
-67
-74
-60
-60
-83
-83
-60
-60
-83
-84
-66
-67
-58
-60
-52
-42
-60
-60
-66
-67
-59
-60
-67
-67
-43
-84
-83
-60
-60
-84
-82
-60
-60
-84
-67
-68
-44
-67
-67
-60
-60
-71
-60
-60
-51
-60
-60
-83
-84
-66
-67
-59
-60
-66
-67
-60
-60
-67
-67
-73
-60
-60
-83
-85
-72
-67
-67
-82
-83
-52
-66
-67
-85
-85
-66
-67
-85
-86
-52
-73
-43
-66
-67
-68
-82
-66
-68
-52
-60
-60
-66
-68
-84
-52
-87
-84
-60
-60
-67
-67
-60
-60
-82
-52
-66
-67
-66
-67
-82
-83
-60
-60
-82
-80
-59
-60
-49
-44
-81
-82
-60
-60
-60
-60
-67
-68
-71
-67
-67
-60
-60
-67
-68
-68
-68
-60
-60
-69
-44
-85
-83
-60
-60
-89
-85
-67
-68
-60
-60
-84
-84
-67
-67
-85
-84
-66
-67
-52
-84
-83
-44
-82
-67
-67
-69
-67
-68
-59
-60
-84
-83
-60
-60
-84
-84
-60
-60
-85
-84
-60
-60
-67
-67
-60
-60
-52
-66
-68
-52
-82
-68
-68
-85
-84
-59
-60
-52
-43
-67
-67
-54
-73
-51
-60
-60
-66
-67
-67
-68
-60
-60
-70
-60
-60
-82
-60
-60
-82
-68
-68
-43
-81
-81
-60
-60
-82
-83
-60
-60
-81
-82
-52
-52
-81
-82
-59
-60
-60
-61
-52
-60
-60
-81
-44
-83
-83
-59
-60
-52
-60
-60
-83
-81
-60
-60
-67
-68
-82
-80
-52
-70
-67
-67
-80
-80
-60
-60
-82
-68
-68
-60
-60
-68
-68
-60
-60
-80
-68
-68
-69
-68
-68
-68
-68
-52
-80
-80
-53
-44
-80
-80
-59
-60
-60
-60
-80
-81
-82
-81
-60
-60
-60
-60
-67
-60
-60
-81
-81
-67
-68
-83
-81
-52
-43
-71
-60
-60
-71
-73
-66
-67
-72
-67
-67
-70
-83
-67
-67
-66
-68
-82
-82
-67
-67
-81
-80
-66
-67
-66
-52
-59
-60
-80
-60
-60
-81
-81
-60
-61
-68
-68
-60
-60
-68
-69
-44
-68
-68
-43
-65
-58
-67
-80
-68
-68
-79
-80
-60
-60
-79
-80
-43
-68
-68
-43
-68
-69
-43
-68
-68
-67
-68
-68
-69
-68
-69
-53
-60
-60
-53
-42
-60
-60
-68
-68
-68
-68
-68
-68
-60
-60
-86
-82
-60
-61
-68
-68
-60
-60
-88
-84
-60
-60
-83
-68
-68
-82
-86
-84
-60
-60
-68
-68
-43
-85
-84
-86
-84
-60
-60
-52
-68
-66
-68
-59
-60
-66
-68
-83
-60
-60
-84
-86
-60
-60
-66
-67
-91
-86
-60
-60
-67
-67
-59
-60
-83
-60
-60
-90
-67
-67
-61
-60
-88
-88
-59
-61
-67
-67
-89
-89
-67
-67
-61
-61
-68
-68
-44
-85
-88
-68
-68
-85
-86
-67
-68
-85
-86
-52
-76
-87
-60
-61
-60
-61
-92
-61
-60
-68
-68
-61
-61
-68
-68
-60
-61
-75
-60
-61
-87
-88
-60
-61
-68
-68
-89
-52
-44
-52
-60
-61
-90
-44
-92
-60
-61
-89
-79
-60
-61
-66
-68
-60
-60
-92
-52
-52
-61
-61
-89
-89
-44
-60
-61
-89
-93
-61
-61
-90
-92
-52
-90
-67
-67
-60
-60
-67
-68
-78
-52
-90
-90
-68
-68
-90
-52
-66
-68
-44
-45
-52
-60
-61
-66
-67
-44
-44
-52
-60
-61
-61
-61
-94
-60
-61
-67
-67
-66
-67
-52
-44
-66
-68
-61
-61
-52
-60
-61
-88
-44
-60
-60
-60
-61
-59
-61
-87
-88
-60
-60
-67
-67
-44
-90
-60
-60
-67
-67
-87
-60
-61
-74
-60
-61
-66
-67
-86
-66
-67
-44
-75
-60
-60
-67
-67
-61
-61
-52
-92
-52
-86
-60
-61
-88
-85
-60
-61
-60
-61
-87
-87
-51
-44
-66
-67
-85
-85
-44
-61
-88
-86
-44
-85
-84
-61
-60
-66
-67
-60
-61
-85
-85
-66
-67
-60
-61
-86
-86
-84
-61
-66
-67
-75
-61
-86
-85
-61
-60
-85
-66
-67
-44
-65
-67
-67
-67
-84
-66
-67
-61
-60
-66
-67
-52
-61
-61
-66
-67
-60
-60
-65
-66
-59
-60
-66
-49
-44
-60
-60
-60
-44
-67
-59
-60
-51
-84
-66
-66
-55
-61
-60
-83
-81
-66
-67
-51
-84
-61
-61
-84
-84
-67
-67
-44
-65
-67
-59
-60
-87
-86
-60
-60
-67
-67
-84
-85
-61
-61
-88
-85
-44
-84
-84
-66
-67
-85
-85
-51
-60
-61
-66
-66
-61
-60
-66
-66
-60
-60
-66
-67
-60
-60
-66
-67
-61
-60
-66
-67
-51
-65
-67
-61
-61
-89
-88
-60
-61
-56
-76
-65
-66
-79
-51
-66
-66
-65
-66
-89
-88
-58
-60
-89
-60
-60
-88
-43
-88
-60
-60
-66
-66
-51
-60
-60
-66
-67
-65
-66
-60
-60
-66
-66
-60
-60
-89
-88
-61
-61
-65
-66
-66
-66
-44
-85
-66
-66
-60
-60
-75
-60
-60
-65
-66
-85
-85
-66
-66
-87
-85
-74
-60
-61
-86
-87
-86
-60
-61
-65
-66
-59
-61
-86
-86
-60
-60
-85
-66
-67
-66
-66
-59
-60
-86
-86
-59
-61
-50
-66
-60
-61
-89
-87
-60
-61
-59
-61
-65
-66
-66
-66
-86
-85
-85
-45
-60
-60
-85
-86
-86
-75
-61
-61
-84
-85
-59
-61
-85
-84
-65
-66
-84
-83
-66
-66
-44
-61
-61
-83
-60
-61
-83
-84
-44
-86
-60
-61
-84
-60
-61
-73
-66
-66
-61
-60
-84
-84
-66
-66
-60
-60
-66
-66
-83
-66
-67
-66
-66
-84
-66
-66
-85
-60
-61
-66
-66
-61
-60
-44
-60
-60
-70
-44
-70
-44
-86
-59
-61
-60
-60
-85
-84
-86
-89
-86
-66
-66
-87
-86
-61
-60
-66
-66
-59
-61
-66
-66
-65
-66
-66
-66
-85
-66
-66
-86
-85
-66
-66
-84
-66
-66
-85
-85
-50
-65
-66
-60
-60
-89
-85
-65
-66
-65
-66
-51
-88
-85
-61
-61
-89
-86
-61
-61
-86
-66
-66
-66
-66
-88
-86
-61
-61
-55
-87
-86
-66
-66
-60
-61
-66
-66
-60
-60
-86
-86
-60
-61
-75
-51
-59
-61
-66
-66
-61
-61
-85
-85
-60
-60
-85
-44
-73
-64
-66
-87
-65
-66
-76
-60
-61
-66
-66
-65
-66
-66
-66
-44
-85
-85
-60
-60
-85
-44
-85
-84
-66
-66
-86
-84
-61
-61
-66
-66
-61
-61
-88
-87
-44
-83
-60
-60
-50
-66
-84
-64
-66
-59
-61
-71
-87
-82
-64
-66
-62
-65
-68
-80
-79
-60
-60
-76
-43
-65
-66
-65
-77
-77
-43
-62
-42
-74
-60
-60
-74
-42
-66
-66
-75
-75
-60
-60
-61
-60
-60
-74
-59
-60
-79
-86
-82
-44
-83
-67
-67
-42
-82
-82
-57
-58
-60
-52
-58
-60
-84
-60
-60
-66
-67
-66
-67
-60
-60
-52
-83
-84
-85
-83
-82
-83
-67
-67
-66
-67
-60
-60
-67
-67
-66
-67
-86
-43
-67
-67
-83
-82
-67
-67
-84
-84
-67
-67
-69
-60
-60
-67
-67
-69
-51
-83
-60
-60
-67
-67
-43
-85
-82
-60
-60
-84
-52
-82
-67
-67
-83
-43
-52
-43
-69
-69
-76
-76
-68
-67
-82
-65
-66
-81
-83
-60
-60
-78
-58
-60
-66
-67
-43
-51
