-59
-41
-74
-74
-57
-57
-73
-56
-57
-73
-57
-57
-73
-56
-57
-62
-63
-71
-71
-56
-57
-73
-40
-72
-73
-40
-62
-62
-57
-57
-57
-57
-69
-69
-62
-63
-71
-71
-57
-57
-75
-75
-62
-64
-69
-70
-46
-56
-56
-71
-72
-56
-57
-71
-40
-72
-72
-61
-62
-56
-62
-62
-57
-57
-56
-57
-72
-57
-57
-62
-62
-41
-73
-61
-61
-71
-72
-61
-61
-56
-55
-57
-41
-73
-72
-57
-57
-74
-74
-61
-62
-72
-72
-40
-71
-57
-57
-71
-70
-57
-57
-68
-68
-56
-56
-68
-61
-63
-54
-62
-62
-68
-57
-57
-69
-57
-57
-71
-56
-57
-78
-79
-62
-62
-62
-62
-56
-56
-46
-56
-56
-61
-61
-73
-56
-57
-62
-62
-56
-57
-62
-62
-71
-72
-56
-57
-71
-40
-55
-56
-57
-69
-70
-57
-57
-40
-57
-57
-54
-57
-57
-62
-62
-54
-62
-62
-55
-55
-57
-68
-69
-56
-57
-68
-69
-68
-69
-55
-57
-69
-69
-56
-57
-55
-56
-57
-69
-70
-62
-63
-69
-56
-57
-55
-56
-63
-63
-63
-62
-57
-60
-74
-74
-57
-57
-61
-63
-56
-57
-62
-63
-56
-55
-40
-58
-56
-56
-73
-73
-57
-57
-72
-56
-57
-72
-72
-57
-57
-62
-63
-72
-62
-62
-72
-72
-56
-57
-62
-62
-73
-61
-62
-73
-73
-62
-62
-62
-62
-55
-56
-47
-61
-62
-61
-62
-73
-72
-72
-72
-55
-57
-72
-62
-62
-61
-62
-47
-59
-57
-57
-73
-72
-56
-57
-72
-73
-56
-56
-73
-40
-62
-62
-63
-63
-72
-72
-57
-56
-73
-61
-63
-56
-57
-59
-74
-74
-62
-62
-65
-62
-63
-56
-56
-62
-63
-56
-57
-77
-78
-57
-57
-78
-78
-57
-57
-48
-55
-57
-48
-71
-72
-57
-57
-59
-40
-55
-56
-56
-62
-62
-56
-57
-69
-71
-46
-57
-57
-70
-70
-62
-62
-54
-57
-57
-61
-62
-57
-57
-57
-56
-60
-62
-56
-57
-70
-70
-61
-62
-55
-62
-62
-39
-71
-40
-62
-62
-71
-57
-56
-71
-72
-57
-57
-57
-57
-56
-61
-62
-57
-57
-62
-62
-56
-56
-61
-62
-62
-62
-56
-57
-58
-40
-73
-72
-45
-72
-57
-56
-73
-72
-61
-62
-40
-72
-57
-57
-72
-72
-56
-56
-72
-72
-47
-72
-72
-57
-57
-58
-56
-56
-73
-72
-62
-63
-73
-47
-56
-57
-74
-74
-57
-56
-74
-73
-61
-62
-74
-74
-62
-62
-62
-62
-55
-56
-73
-73
-57
-56
-58
-62
-62
-58
-62
-62
-56
-57
-72
-61
-62
-62
-63
-73
-74
-56
-56
-73
-73
-39
-59
-62
-62
-72
-72
-62
-62
-72
-72
-40
-61
-62
-62
-62
-40
-75
-75
-62
-62
-74
-56
-57
-62
-62
-61
-40
-46
-56
-56
-75
-75
-56
-57
-73
-74
-60
-62
-40
-60
-62
-62
-75
-75
-57
-57
-46
-57
-57
-62
-62
-41
-62
-62
-62
-62
-55
-56
-63
-63
-74
-75
-74
-56
-57
-60
-62
-62
-62
-63
-72
-72
-62
-62
-56
-57
-40
-57
-56
-56
-63
-63
-48
-63
-56
-56
-48
-62
-62
-56
-56
-62
-62
-56
-56
-70
-71
-40
-56
-55
-55
-63
-63
-72
-71
-62
-63
-55
-56
-57
-72
-56
-57
-62
-62
-61
-62
-73
-40
-57
-61
-63
-72
-71
-56
-56
-57
-56
-56
-56
-56
-58
-72
-72
-56
-56
-72
-72
-56
-56
-63
-63
-56
-56
-63
-63
-63
-63
-57
-56
-71
-72
-40
-71
-54
-56
-62
-63
-45
-72
-56
-56
-58
-57
-57
-73
-62
-62
-73
-73
-56
-56
-59
-56
-57
-56
-56
-71
-72
-62
-62
-40
-62
-62
-72
-73
-61
-62
-74
-73
-40
-74
-74
-56
-56
-63
-63
-57
-57
-68
-57
-57
-54
-61
-63
-70
-71
-61
-63
-75
-75
-62
-62
-72
-62
-63
-41
-61
-62
-57
-57
-74
-74
-76
-75
-57
-57
-76
-57
-57
-77
-76
-63
-63
-78
-79
-57
-57
-66
-41
-61
-63
-57
-57
-61
-63
-77
-77
-57
-57
-67
-61
-62
-62
-62
-77
-61
-63
-41
-76
-57
-57
-57
-57
-47
-41
-76
-76
-57
-57
-63
-62
-73
-73
-56
-57
-57
-57
-75
-39
-76
-74
-57
-57
-75
-75
-57
-57
-63
-63
-76
-63
-63
-75
-60
-57
-57
-74
-74
-57
-57
-75
-57
-57
-74
-74
-48
-75
-75
-74
-74
-41
-61
-57
-57
-62
-63
-77
-75
-63
-63
-61
-62
-63
-63
-63
-74
-74
-63
-63
-47
-57
-57
-47
-63
-73
-73
-63
-63
-41
-63
-63
-73
-63
-63
-63
-63
-57
-57
-74
-74
-61
-63
-74
-74
-57
-57
-62
-64
-73
-63
-63
-57
-57
-63
-63
-57
-57
-74
-75
-62
-63
-63
-63
-57
-57
-63
-64
-57
-57
-60
-57
-57
-74
-57
-57
-73
-73
-62
-63
-74
-75
-75
-57
-57
-63
-63
-41
-61
-56
-57
-74
-60
-56
-57
-74
-57
-57
-63
-63
-57
-57
-53
-73
-74
-63
-64
-74
-74
-74
-74
-62
-63
-63
-63
-74
-74
-62
-63
-75
-75
-57
-57
-63
-63
-74
-75
-63
-63
-48
-57
-57
-75
-48
-60
-47
-40
-63
-63
-63
-63
-63
-63
-75
-75
-57
-57
-63
-63
-57
-57
-62
-63
-57
-57
-75
-75
-62
-63
-62
-57
-57
-63
-63
-57
-57
-76
-77
-56
-57
-63
-63
-63
-63
-63
-63
-75
-74
-57
-57
-76
-75
-63
-63
-57
-57
-63
-63
-57
-57
-62
-63
-46
-62
-63
-48
-76
-75
-57
-57
-76
-76
-62
-63
-75
-75
-57
-57
-57
-62
-63
-57
-57
-68
-67
-57
-58
-64
-64
-58
-57
-48
-57
-57
-64
-64
-57
-57
-57
-57
-69
-68
-56
-57
-68
-68
-57
-57
-56
-63
-63
-71
-71
-56
-57
-69
-70
-55
-62
-62
-47
-46
-56
-56
-47
-69
-69
-62
-64
-63
-68
-70
-40
-56
-64
-64
-40
-57
-64
-64
-57
-57
-54
-57
-57
-52
-63
-64
-67
-64
-64
-67
-68
-48
-56
-57
-48
-52
-63
-64
-41
-66
-67
-66
-67
-41
-63
-64
-57
-57
-47
-52
-69
-70
-55
-57
-59
-62
-56
-57
-69
-70
-62
-62
-69
-70
-46
-69
-57
-57
-62
-61
-67
-70
-57
-57
-61
-62
-57
-57
-71
-71
-57
-57
-46
-72
-70
-57
-57
-69
-69
-69
-69
-57
-56
-69
-57
-57
-62
-62
-61
-62
-71
-71
-56
-57
-69
-69
-61
-62
-68
-68
-45
-67
-59
-61
-61
-61
-69
-70
-57
-57
-55
-57
-57
-57
-57
-45
-57
-57
-71
-71
-45
-70
-70
-57
-57
-68
-69
-55
-57
-53
-59
-61
-53
-46
-57
-57
-45
-41
-60
-61
-67
-61
-61
-68
-55
-57
-68
-68
-61
-61
-52
-59
-61
-57
-57
-67
-66
-61
-61
-61
-61
-59
-60
-40
-56
-56
-69
-70
-57
-57
-71
-72
-45
-71
-72
-39
-56
-57
-72
-72
-56
-57
-71
-72
-56
-56
-72
-74
-74
-51
-73
-73
-47
-40
-62
-62
-57
-57
-60
-60
-40
-57
-57
-57
-61
-61
-40
-59
-61
-70
-71
-57
-57
-60
-61
-81
-80
-57
-56
-80
-79
-46
-75
-76
-56
-56
-59
-61
-56
-57
-61
-62
-55
-57
-56
-74
-73
-57
-56
-60
-55
-56
-72
-62
-62
-39
-74
-75
-57
-57
-62
-62
-56
-57
-61
-63
-56
-57
-56
-57
-57
-74
-57
-58
-68
-57
-57
-72
-62
-62
-73
-59
-61
-61
-56
-56
-47
-68
-68
-59
-60
-63
-62
-41
-59
-63
-63
-56
-56
-57
-57
-70
-71
-56
-41
-73
-63
-63
-69
-70
-60
-61
-54
-61
-62
-41
-69
-70
-57
-57
-40
-61
-62
-71
-46
-57
-57
-56
-57
-61
-61
-70
-70
-61
-62
-57
-57
-70
-71
-57
-57
-46
-57
-57
-71
-71
-41
-45
-69
-71
-58
-58
-70
-70
-58
-57
-70
-71
-40
-69
-70
-56
-58
-43
-41
-59
-60
-72
-72
-59
-61
-45
-40
-55
-71
-71
-41
-45
-61
-61
-72
-72
-58
-57
-69
-70
-57
-57
-69
-69
-57
-58
-58
-58
-58
-40
-59
-60
-49
-69
-69
-58
-59
-50
-58
-60
-60
-60
-57
-57
-59
-60
-57
-57
-45
-60
-60
-74
-73
-57
-57
-46
-55
-56
-77
-77
-57
-57
-60
-60
-40
-60
-61
-56
-57
-72
-72
-46
-91
-58
-58
-74
-41
-46
-83
-62
-63
-84
-83
-57
-57
-60
-57
-58
-60
-62
-76
-57
-57
-62
-62
-71
-40
-77
-76
-57
-57
-76
-76
-56
-57
-76
-57
-57
-46
-62
-62
-61
-62
-61
-62
-76
-76
-76
-77
-57
-57
-76
-76
-76
-77
-62
-63
-63
-41
-48
-56
-57
-76
-76
-61
-62
-77
-77
-62
-62
-62
-62
-62
-62
-75
-75
-57
-57
-74
-74
-46
-57
-56
-62
-62
-39
-62
-62
-73
-74
-62
-62
-73
-73
-61
-61
-74
-73
-57
-57
-60
-61
-73
-61
-62
-59
-40
-73
-60
-61
-57
-57
-73
-57
-57
-61
-61
-57
-57
-61
-62
-73
-73
-61
-61
-61
-61
-60
-61
-73
-73
-61
-61
-57
-57
-61
-61
-56
-57
-61
-60
-57
-57
-72
-72
-57
-57
-72
-57
-57
-72
-72
-39
-72
-73
-72
-72
-57
-57
-61
-61
-73
-72
-61
-61
-57
-57
-59
-57
-57
-74
-74
-62
-62
-74
-74
-62
-62
-62
-63
-73
-73
-57
-57
-39
-74
-75
-57
-57
-77
-57
-57
-61
-40
-75
-56
-57
-62
-62
-57
-57
-73
-40
-71
-71
-57
-57
-47
-74
-74
-46
-62
-62
-58
-57
-57
-56
-57
-57
-61
-61
-41
-62
-57
-57
-60
-57
-57
-61
-61
-61
-61
-46
-74
-62
-62
-74
-74
-46
-75
-59
-57
-57
-74
-61
-62
-75
-75
-74
-74
-56
-57
-62
-61
-41
-61
-62
-57
-57
-59
-62
-62
-77
-40
-75
-75
-77
-77
-57
-57
-55
-57
-74
-46
-74
-74
-57
-57
-61
-62
-61
-61
-75
-74
-61
-62
-57
-56
-75
-74
-57
-57
-46
-55
-57
-76
-77
-59
-61
-61
-61
-46
-40
-50
-60
-60
-74
-77
-57
-57
-61
-61
-61
-56
-57
-76
-76
-57
-57
-79
-78
-57
-57
-76
-75
-57
-57
-76
-75
-56
-57
-78
-78
-60
-62
-39
-57
-73
-72
-60
-62
-73
-73
-57
-57
-56
-57
-61
-62
-60
-61
-62
-62
-62
-61
-62
-75
-75
-61
-62
-62
-62
-40
-76
-76
-55
-56
-75
-76
-47
-75
-74
-61
-62
-79
-57
-57
-61
-76
-62
-62
-74
-57
-57
-74
-74
-61
-62
-76
-75
-62
-62
-77
-76
-60
-61
-61
-61
-66
-46
-57
-57
-55
-57
-75
-60
-61
-77
-78
-60
-61
-55
-57
-62
-62
-70
-56
-57
-61
-61
-64
-56
-57
-72
-60
-61
-74
-74
-73
-57
-57
-57
-57
-74
-74
-61
-61
-61
-61
-57
-57
-67
-47
-66
-57
-57
-73
-73
-40
-46
-71
-71
-46
-70
-71
-41
-70
-72
-57
-57
-72
-71
-40
-69
-70
-39
-70
-71
-60
-62
-46
-57
-57
-61
-57
-57
-61
-61
-46
-41
-69
-70
-57
-57
-55
-57
-57
-46
-46
-70
-72
-40
-46
-71
-60
-61
-70
-70
-57
-57
-61
-61
-90
-56
-56
-58
-73
-74
-57
-58
-70
-57
-57
-70
-70
-62
-63
-69
-57
-57
-61
-63
-62
-62
-41
-62
-62
-61
-62
-61
-62
-72
-73
-57
-58
