-55
-55
-65
-54
-55
-55
-55
-90
-90
-68
-67
-55
-55
-68
-67
-95
-97
-67
-55
-55
-86
-85
-55
-55
-80
-52
-86
-90
-67
-67
-68
-68
-83
-66
-68
-42
-43
-55
-80
-55
-55
-41
-93
-92
-54
-55
-67
-67
-92
-92
-66
-67
-52
-67
-68
-54
-55
-84
-83
-55
-55
-89
-88
-41
-45
-67
-90
-91
-51
-77
-87
-88
-67
-67
-76
-90
-89
-55
-55
-66
-68
-81
-66
-66
-86
-84
-54
-55
-88
-55
-55
-93
-93
-55
-55
-90
-67
-67
-74
-66
-66
-92
-90
-50
-72
-51
-55
-55
-64
-66
-87
-65
-64
-91
-66
-66
-54
-55
-66
-66
-40
-51
-54
-55
-51
-55
-54
-97
-93
-54
-55
-41
-66
-88
-87
-55
-55
-82
-82
-51
-54
-55
-66
-83
-67
-66
-83
-83
-66
-66
-55
-55
-66
-55
-55
-55
-55
-92
-89
-63
-65
-55
-55
-90
-90
-54
-55
-54
-55
-65
-66
-39
-54
-55
-68
-68
-55
-55
-90
-87
-67
-90
-87
-67
-67
-54
-55
-51
-89
-87
-66
-67
-55
-55
-67
-67
-87
-88
-67
-68
-86
-85
-67
-68
-84
-82
-69
-53
-55
-55
-82
-87
-53
-69
-52
-73
-55
-55
-55
-55
-55
-55
-90
-89
-92
-91
-66
-66
-45
-54
-55
-66
-66
-66
-66
-54
-55
-87
-86
-65
-64
-80
-66
-66
-55
-55
-66
-66
-87
-88
-66
-54
-40
-85
-86
-54
-55
-87
-87
-54
-55
-86
-85
-55
-55
-55
-55
-87
-84
-55
-55
-65
-65
-66
-66
-55
-55
-65
-54
-55
-66
-55
-55
-65
-66
-54
-55
-64
-77
-66
-54
-55
-65
-65
-66
-66
-55
-55
-66
-66
-40
-54
-55
-64
-65
-72
-67
-66
-83
-83
-65
-85
-85
-51
-54
-88
-65
-67
-40
-67
-67
-43
-85
-83
-51
-82
-82
-87
-80
-80
-65
-67
-80
-79
-86
-85
-72
-65
-67
-87
-87
-55
-55
-55
-55
-55
-55
-86
-84
-51
-90
-90
-54
-55
-78
-51
-95
-94
-44
-54
-55
-55
-40
-89
-90
-66
-66
-89
-88
-65
-66
-41
-89
-89
-93
-55
-55
-91
-90
-91
-90
-55
-55
-54
-55
-54
-55
-93
-90
-90
-51
-65
-66
-55
-55
-81
-55
-55
-55
-55
-51
-51
-66
-54
-55
-65
-66
-90
-88
-65
-67
-83
-55
-55
-65
-92
-55
-55
-77
-66
-67
-54
-56
-94
-67
-67
-93
-90
-51
-90
-89
-65
-65
-45
-91
-51
-93
-66
-67
-93
-88
-52
-55
-55
-67
-67
-90
-90
-66
-66
-92
-90
-67
-91
-97
-65
-65
-84
-84
-56
-55
-55
-55
-55
-55
-54
-55
-86
-51
-88
-92
-55
-55
-92
-97
-67
-67
-55
-55
-40
-77
-66
-67
-52
-90
-87
-66
-67
-86
-86
-55
-55
-39
-55
-88
-89
-55
-55
-55
-55
-80
-82
-54
-55
-65
-66
-83
-85
-51
-66
-44
-65
-66
-55
-55
-88
-89
-67
-67
-54
-56
-55
-55
-89
-89
-68
-67
-86
-85
-67
-88
-86
-66
-67
-55
-55
-68
-67
-54
-55
-41
-81
-81
-83
-82
-55
-55
-55
-55
-83
-83
-67
-68
-82
-82
-41
-67
-41
-67
-52
-91
-92
-90
-89
-94
-95
-67
-66
-67
-55
-55
-55
-55
-82
-55
-55
-43
-75
-66
-67
-54
-55
-67
-67
-56
-56
-67
-67
-55
-55
-55
-55
-41
-55
-55
-98
-96
-55
-55
-88
-89
-76
-55
-55
-51
-74
-56
-55
-89
-55
-55
-51
-79
-51
-56
-56
-66
-43
-42
-67
-67
-51
-88
-88
-66
-55
-55
-65
-66
-55
-55
-90
-88
-65
-66
-65
-89
-89
-81
-67
-66
-91
-90
-67
-66
-55
-56
-99
-66
-66
-66
-91
-92
-65
-66
-54
-55
-67
-66
-89
-90
-39
-89
-88
-51
-88
-88
-55
-55
-87
-85
-67
-67
-86
-85
-55
-55
-84
-82
-85
-85
-55
-55
-52
-51
-88
-90
-43
-56
-56
-88
-52
-76
-55
-52
-88
-67
-67
-41
-79
-67
-67
-55
-56
-56
-55
-93
-67
-67
-54
-55
-67
-67
-55
-55
-41
-67
-67
-55
-55
-55
-55
-52
-40
-90
-91
-51
-83
-55
-55
-97
-67
-67
-93
-91
-55
-55
-55
-55
-55
-51
-84
-66
-66
-54
-55
-65
-67
-77
-66
-55
-55
-96
-91
-55
-55
-67
-67
-55
-55
-54
-55
-65
-66
-82
-82
-66
-66
-44
-55
-55
-55
-55
-55
-55
-84
-84
-85
-84
-55
-55
-84
-84
-55
-55
-40
-80
-80
-66
-55
-55
-66
-56
-55
-67
-66
-81
-81
-54
-55
-42
-51
-84
-84
-66
-55
-56
-88
-88
-55
-56
-93
-89
-55
-56
-41
-89
-86
-65
-40
-68
-66
-67
-67
-67
-67
-89
-88
-55
-56
-75
-65
-67
-41
-55
-55
-51
-90
-65
-54
-55
-55
-55
-80
-80
-55
-55
-69
-55
-55
-79
-79
-52
-86
-85
-54
-55
-55
-80
-80
-55
-55
-79
-79
-65
-66
-80
-80
-52
-68
-67
-41
-52
-55
-55
-67
-82
-83
-43
-70
-55
-55
-83
-83
-54
-55
-55
-55
-55
-55
-82
-82
-55
-55
-81
-81
-40
-67
-67
-81
-81
-67
-68
-67
-67
-54
-55
-68
-67
-40
-55
-55
-81
-81
-54
-55
-82
-82
-66
-67
-81
-82
-55
-55
-82
-83
-82
-82
-82
-82
-67
-67
-82
-82
-67
-67
-67
-67
-83
-82
-67
-67
-66
-82
-82
-67
-67
-81
-82
-67
-55
-55
-67
-67
-40
-52
-55
-55
-82
-82
-52
-42
-55
-55
-66
-55
-55
-67
-67
-82
-82
-68
-67
-82
-82
-56
-69
-81
-81
-67
-67
-83
-83
-67
-67
-42
-66
-67
-83
-83
-52
-55
-55
-52
-55
-55
-83
-83
-41
-72
-83
-83
-67
-67
-55
-55
-94
-55
-55
-54
-55
-69
-55
-55
-81
-81
-42
-55
-55
-81
-82
-55
-55
-43
-83
-84
-55
-55
-81
-64
-65
-80
-78
-64
-54
-55
-45
-55
-55
-62
-51
-55
-55
-54
-55
-65
-66
-78
-78
-65
-66
-78
-79
-65
-65
-65
-66
-79
-78
-50
-55
-55
-80
-81
-66
-65
-79
-80
-50
-80
-51
-56
-55
-55
-55
-51
-44
-66
-66
-67
-66
-66
-55
-55
-55
-55
-55
-55
-66
-67
-43
-51
-80
-81
-81
-81
-66
-66
-65
-67
-55
-55
-55
-55
-42
-82
-83
-66
-66
-81
-81
-55
-55
-51
-54
-55
-51
-65
-66
-81
-81
-65
-42
-80
-81
-41
-66
-66
-80
-80
-65
-54
-55
-65
-43
-80
-81
-55
-55
-65
-67
-79
-79
-55
-55
-79
-80
-54
-55
-80
-81
-55
-55
-79
-79
-82
-80
-66
-66
-81
-80
-66
-66
-55
-55
-79
-79
-55
-55
-79
-79
-55
-67
-54
-55
-65
-66
-69
-83
-83
-64
-84
-83
-55
-55
-50
-55
-55
-50
-94
-64
-65
-84
-85
-64
-65
-55
-55
-66
-73
-65
-66
-90
-55
-55
-65
-54
-55
-85
-86
-54
-55
-72
-41
-87
-84
-55
-55
-85
-83
-55
-55
-87
-84
-68
-45
-50
-50
-69
-65
-66
-85
-85
-55
-55
-40
-83
-83
-64
-84
-83
-65
-65
-65
-40
-65
-65
-55
-55
-65
-65
-54
-55
-64
-55
-55
-65
-65
-55
-55
-55
-55
-55
-55
-64
-56
-55
-54
-55
-65
-55
-55
-54
-55
-55
-55
-64
-65
-55
-55
-64
-65
-93
-93
-54
-55
-66
-66
-54
-55
-54
-55
-75
-66
-66
-90
-88
-66
-66
-54
-55
-51
-51
-42
-66
-66
-54
-55
-65
-66
-54
-55
-87
-89
-65
-66
-89
-91
-54
-55
-76
-50
-91
-89
-66
-66
-51
-92
-92
-64
-54
-55
-92
-91
-54
-55
-54
-55
-66
-65
-54
-55
-55
-55
-54
-55
-88
-88
-55
-54
-89
-88
-54
-55
-88
-90
-66
-66
-86
-89
-51
-91
-92
-54
-55
-65
-66
-50
-87
-85
-50
-84
-55
-55
-91
-92
-50
-54
-55
-65
-66
-89
-90
-54
-55
-65
-66
-83
-83
-66
-66
-85
-85
-65
-66
-86
-84
-52
-95
-98
-45
-91
-91
-54
-55
-86
-91
-40
-85
-88
-65
-67
-86
-84
-52
-88
-86
-65
-66
-85
-84
-42
-55
-98
-51
-87
-87
-41
-54
-55
-65
-65
-74
-40
-55
-55
-68
-68
-86
-85
-41
-54
-55
-43
-66
-67
-55
-54
-67
-67
-55
-54
-90
-88
-55
-55
-85
-86
-66
-68
-75
-88
-88
-55
-55
-54
-55
-55
-55
-68
-68
-87
-86
-67
-67
-85
-84
-66
-67
-55
-55
-67
-67
-88
-84
-67
-67
-55
-55
-89
-88
-43
-66
-55
-55
-87
-86
-54
-55
-67
-67
-55
-55
-67
-55
-55
-42
-67
-66
-76
-90
-75
-67
-67
-40
-66
-66
-67
-88
-85
-67
-68
-54
-55
-67
-68
-81
-55
-55
-41
-55
-55
-55
-68
-68
-94
-58
-54
-55
-91
-87
-54
-85
-55
-55
-91
-55
-55
-55
-41
-68
-69
-83
-86
-67
-68
-68
-68
-91
-89
-67
-42
-83
-84
-66
-67
-55
-55
-65
-65
-55
-55
-66
-68
-87
-87
-51
-42
-55
-55
-86
-86
-55
-55
-82
-81
-69
-55
-55
-85
-85
-54
-55
-65
-66
-70
-65
-65
-83
-82
-65
-66
-85
-84
-66
-66
-81
-81
-42
-83
-84
-55
-55
-54
-55
-65
-91
-89
-65
-65
-55
-55
-49
-55
-55
-90
-90
-54
-55
-94
-64
-65
-92
-65
-65
-55
-55
-64
-65
-55
-55
-65
-55
-55
-51
-66
-55
-55
-86
-88
-88
-89
-55
-55
-55
-55
-51
-90
-89
-55
-55
-82
-82
-55
-55
-66
-55
-55
-65
-66
-41
-91
-89
-54
-55
-95
-92
-41
-55
-55
-55
-80
-91
-55
-55
-86
-55
-55
-42
-66
-73
-55
-55
-51
-54
-55
-55
-55
-51
-41
-55
-55
-44
-54
-55
-55
-55
-50
-55
-55
-65
-66
-54
-55
-91
-66
-66
-55
-55
-66
-66
-55
-56
-64
-55
-55
-72
-54
-55
-73
-55
-55
-65
-66
-88
-87
-66
-66
-55
-55
-55
-55
-56
-56
-66
-66
-40
-56
-55
-96
-50
-67
-67
-91
-96
-55
-55
-66
-67
-89
-75
-64
-66
-86
-84
-65
-41
-55
-55
-82
-82
-52
-83
-83
-68
-67
-55
-56
-71
-66
-67
-41
-66
-67
-81
-82
-66
-66
-83
-55
-56
-55
-55
-75
-75
-61
-76
-54
-55
-76
-93
-85
-63
-64
-54
-55
-65
-65
-81
-82
-55
-55
-40
-84
-84
-51
-80
-80
-55
-55
-83
-83
-53
-55
-66
-84
-65
-66
-79
-80
-80
-81
-66
-68
-79
-81
-55
-55
-52
-55
-56
-66
-67
-55
-55
-82
-85
-66
-67
-78
-85
-84
-67
-85
-84
-56
-56
-56
-55
-86
-40
-71
-86
-52
-75
-66
-67
-86
-83
-54
-55
-56
-55
-67
-67
-66
-67
-82
-79
-67
-67
-71
-67
-67
-84
-81
-52
-54
-55
-67
-80
-81
-55
-55
-67
-67
-80
-80
-68
-67
-84
-81
-54
-55
-81
-80
-55
-55
-88
-85
-55
-55
-55
-55
-79
-79
-64
-56
-55
-55
-55
-83
-83
-65
-66
-91
-90
-55
-55
-56
-55
-66
-67
-55
-55
-66
-67
-80
-83
-65
-81
-83
-67
-55
-55
-85
-83
-50
-67
-67
-67
-54
-55
-93
-92
-55
-54
-77
-66
-68
-69
-56
-83
-84
-52
-55
-55
-55
-55
-55
-55
-82
-83
-55
-55
-51
-55
-55
-84
-44
-51
-85
-55
-55
-51
-85
-66
-65
-55
-55
-42
-91
-93
-54
-55
-64
-65
-86
-86
-65
